188
9 7 89 54 word
100 9 170 46 word
172 15 218 44 word
218 9 269 37 word
274 7 396 44 word
400 12 433 38 word
437 7 527 37 word
535 7 624 50 word
12 46 137 77 word
142 46 178 73 word
182 42 213 71 word
222 40 267 72 word
268 45 335 73 word
338 43 406 75 word
411 38 441 70 word
446 39 550 68 word
558 49 606 71 word
9 73 54 107 word
58 85 98 109 word
112 78 335 112 word
335 74 507 107 word
513 79 555 101 word
557 72 656 108 word
10 113 45 141 word
49 114 167 146 word
165 113 345 150 word
349 115 411 147 word
418 112 579 153 word
577 123 615 147 word
12 148 81 172 word
88 153 137 182 word
144 151 237 176 word
244 148 285 177 word
289 146 328 177 word
333 150 406 176 word
414 146 485 178 word
487 149 518 178 word
522 148 599 185 word
9 172 142 208 word
149 181 190 209 word
192 179 278 216 word
289 179 403 208 word
413 176 447 205 word
446 181 562 217 word
564 184 598 222 word
14 211 82 244 word
85 215 125 241 word
137 216 241 245 word
241 217 282 239 word
298 208 433 246 word
441 218 475 244 word
482 220 543 250 word
548 223 580 251 word
11 246 129 274 word
139 248 198 273 word
213 240 338 275 word
342 245 502 288 word
508 254 658 301 word
14 279 140 307 word
148 279 181 312 word
190 284 285 310 word
296 278 400 319 word
404 285 472 317 word
473 284 507 319 word
510 292 566 321 word
577 289 608 324 word
9 308 130 341 word
146 314 227 344 word
15 341 113 374 word
115 341 156 377 word
165 344 232 377 word
237 350 474 378 word
475 349 515 382 word
524 355 659 390 word
9 379 140 406 word
137 375 264 414 word
267 379 298 411 word
299 382 368 413 word
366 375 427 412 word
431 382 461 409 word
460 384 569 412 word
576 385 607 412 word
614 385 649 414 word
11 410 59 438 word
64 403 100 437 word
101 413 257 438 word
264 417 306 437 word
312 413 378 440 word
381 416 417 442 word
417 414 481 444 word
488 424 532 440 word
537 420 608 448 word
617 425 650 447 word
12 448 68 473 word
71 438 158 471 word
167 441 216 475 word
222 439 329 472 word
331 441 359 473 word
363 446 411 476 word
413 439 440 468 word
444 446 517 479 word
527 449 562 475 word
565 448 645 479 word
7 478 74 510 word
82 471 113 503 word
118 480 198 507 word
210 479 281 506 word
292 475 386 509 word
395 478 433 507 word
437 476 504 506 word
516 471 578 503 word
578 475 659 515 word
9 506 70 538 word
77 511 151 551 word
162 506 197 531 word
197 506 279 537 word
282 507 337 531 word
340 509 481 536 word
490 507 601 537 word
10 545 46 575 word
52 541 308 571 word
10 579 78 606 word
85 577 127 604 word
136 575 232 605 word
239 571 317 606 word
319 559 391 600 word
391 566 449 596 word
451 570 536 598 word
545 563 579 597 word
9 611 106 638 word
108 611 223 639 word
233 607 264 635 word
269 610 348 639 word
351 606 403 628 word
413 601 479 632 word
490 599 626 628 word
9 636 79 669 word
84 642 128 665 word
139 640 183 666 word
191 640 305 666 word
317 634 466 661 word
469 628 576 663 word
15 669 107 700 word
115 670 250 697 word
258 668 299 698 word
310 666 350 693 word
352 666 456 705 word
474 667 541 702 word
545 668 585 697 word
589 667 656 695 word
16 703 111 745 word
130 703 253 737 word
261 702 312 731 word
314 701 407 737 word
414 704 463 731 word
468 701 525 730 word
528 698 656 729 word
7 744 50 765 word
54 736 127 767 word
137 737 183 766 word
188 733 288 767 word
299 737 390 769 word
400 726 432 760 word
433 730 611 763 word
5 773 102 807 word
112 772 147 804 word
147 772 187 802 word
185 767 305 802 word
320 763 370 797 word
370 762 497 797 word
502 765 626 805 word
7 804 181 836 word
182 804 324 834 word
323 805 465 836 word
475 804 508 834 word
515 793 660 839 word
3 841 36 871 word
46 837 111 870 word
118 835 205 877 word
209 837 280 873 word
281 841 343 869 word
352 835 447 870 word
456 836 586 868 word
4 870 181 899 word
184 874 310 908 word
320 866 472 909 word
481 873 515 901 word
523 873 613 904 word
