122
23 28 64 66 word
92 32 280 70 word
298 36 447 71 word
465 39 517 79 word
529 50 575 75 word
23 70 170 104 word
179 66 215 101 word
225 77 446 113 word
451 77 552 109 word
558 84 659 119 word
21 104 84 140 word
98 118 147 140 word
151 118 319 154 word
334 118 371 151 word
381 119 493 157 word
502 129 625 165 word
23 143 182 189 word
199 148 329 195 word
333 165 453 205 word
458 163 542 208 word
545 169 656 205 word
19 189 71 227 word
79 192 127 224 word
140 191 178 233 word
189 197 347 236 word
351 211 452 252 word
471 209 501 245 word
504 209 544 247 word
550 210 639 253 word
19 230 127 267 word
21 269 70 301 word
78 272 255 306 word
267 271 309 310 word
315 275 475 320 word
489 278 587 324 word
593 276 652 319 word
21 307 121 343 word
137 315 229 345 word
236 308 280 345 word
294 326 439 361 word
454 327 615 365 word
15 350 85 377 word
107 341 137 376 word
154 356 244 389 word
259 358 322 392 word
340 366 383 392 word
391 363 482 397 word
500 365 572 402 word
582 368 610 403 word
19 379 133 416 word
151 388 310 423 word
321 391 507 432 word
510 398 614 434 word
18 416 109 454 word
118 421 171 455 word
16 453 66 483 word
73 455 201 497 word
224 452 269 492 word
279 455 434 510 word
435 474 479 504 word
480 466 594 507 word
15 487 54 523 word
74 492 170 529 word
184 502 238 530 word
246 506 305 534 word
310 504 389 538 word
399 500 434 541 word
439 511 559 552 word
575 508 647 548 word
7 527 56 563 word
71 529 162 570 word
171 538 333 578 word
347 537 379 576 word
389 550 440 576 word
447 549 538 583 word
544 553 599 601 word
7 572 151 608 word
9 603 223 646 word
239 604 396 647 word
406 605 478 648 word
490 608 649 656 word
9 646 44 672 word
66 640 149 676 word
165 646 278 680 word
291 650 327 674 word
338 654 391 682 word
403 642 437 681 word
445 650 517 683 word
527 658 566 683 word
572 649 655 693 word
10 679 75 703 word
89 680 169 710 word
204 677 231 707 word
250 676 293 712 word
308 677 385 708 word
403 684 529 718 word
10 704 246 749 word
264 726 446 757 word
446 721 510 758 word
516 723 660 764 word
1 749 57 774 word
75 743 149 780 word
170 751 212 784 word
223 751 306 780 word
316 755 358 786 word
361 770 414 791 word
424 762 494 795 word
502 769 538 795 word
553 764 587 799 word
8 780 142 814 word
151 785 229 823 word
237 786 324 830 word
333 804 372 826 word
377 806 416 832 word
425 795 537 835 word
11 815 212 856 word
225 822 260 855 word
269 828 393 864 word
413 827 542 869 word
555 830 626 874 word
14 850 46 887 word
68 849 181 889 word
