106
16 28 101 70 word
116 44 243 81 word
257 38 305 77 word
324 44 489 86 word
507 51 658 93 word
22 70 194 121 word
220 88 352 122 word
359 86 423 134 word
433 91 482 132 word
487 97 580 135 word
583 102 619 137 word
18 120 107 154 word
116 127 155 158 word
158 128 246 160 word
15 151 81 190 word
91 161 231 202 word
251 158 300 203 word
310 171 499 225 word
509 177 542 230 word
552 183 621 237 word
9 195 122 232 word
147 197 314 247 word
8 230 230 280 word
244 248 379 284 word
399 258 482 302 word
490 261 525 298 word
532 258 597 306 word
9 275 177 316 word
192 289 368 338 word
8 315 172 358 word
182 324 226 356 word
245 334 448 382 word
466 338 618 391 word
9 352 125 395 word
132 363 245 399 word
248 370 294 402 word
303 376 405 419 word
5 391 230 445 word
253 411 337 460 word
356 419 428 460 word
9 435 112 476 word
133 438 206 486 word
213 455 409 509 word
420 478 452 502 word
473 469 601 514 word
4 476 132 513 word
151 482 194 520 word
204 492 265 527 word
278 499 377 532 word
388 509 423 539 word
432 513 548 555 word
561 520 612 562 word
7 517 147 555 word
9 550 155 591 word
160 563 206 591 word
213 553 320 604 word
333 566 398 610 word
402 576 448 606 word
465 580 615 617 word
619 584 652 615 word
11 585 112 622 word
127 590 187 634 word
211 597 248 634 word
274 599 354 638 word
364 601 396 641 word
405 603 438 641 word
442 618 516 658 word
521 622 564 653 word
570 615 655 660 word
7 622 112 661 word
114 629 163 670 word
183 639 272 682 word
278 650 320 675 word
329 648 424 689 word
431 660 487 700 word
502 653 655 705 word
10 665 73 688 word
104 660 251 712 word
264 676 336 723 word
347 691 414 721 word
419 696 492 730 word
502 701 551 729 word
559 704 632 735 word
11 702 121 736 word
8 735 75 766 word
85 733 184 776 word
192 745 236 776 word
246 742 349 783 word
359 749 496 797 word
508 756 552 788 word
563 764 645 799 word
9 779 147 821 word
157 785 203 805 word
224 785 300 818 word
313 783 354 822 word
358 787 455 834 word
460 799 502 834 word
510 802 603 835 word
611 801 656 837 word
12 813 93 848 word
102 821 139 856 word
144 814 255 862 word
262 826 363 873 word
396 843 428 864 word
439 839 563 881 word
573 842 650 883 word
