117
38 18 67 50 word
74 19 123 42 word
127 17 191 45 word
192 15 213 44 word
215 9 305 39 word
307 11 378 35 word
386 12 430 29 word
433 5 492 30 word
495 2 528 30 word
535 5 611 40 word
43 49 73 70 word
73 50 119 71 word
120 45 176 71 word
177 46 216 68 word
217 43 300 68 word
299 40 356 66 word
355 36 442 64 word
446 37 513 61 word
517 35 546 64 word
548 36 624 81 word
36 74 79 100 word
84 71 135 104 word
141 81 201 105 word
210 72 314 101 word
316 74 362 98 word
362 67 427 100 word
437 75 480 94 word
493 75 592 105 word
36 104 116 133 word
127 106 156 130 word
158 105 230 127 word
237 104 308 129 word
316 106 366 130 word
372 101 413 125 word
417 102 525 133 word
35 150 64 185 word
65 155 130 176 word
135 153 196 181 word
196 153 276 184 word
278 160 364 182 word
376 163 423 183 word
425 164 504 194 word
503 169 646 212 word
37 183 113 211 word
119 189 164 210 word
165 188 227 210 word
232 184 267 215 word
272 184 340 222 word
344 183 368 209 word
368 188 412 215 word
414 191 535 225 word
537 198 572 225 word
575 206 653 247 word
38 215 61 244 word
66 216 126 240 word
129 215 157 239 word
160 217 294 246 word
305 222 354 252 word
356 215 440 251 word
446 226 487 255 word
489 226 572 267 word
36 244 67 274 word
74 250 164 279 word
170 251 199 284 word
199 252 231 278 word
237 255 317 286 word
324 259 357 286 word
358 257 456 293 word
469 264 501 294 word
502 271 543 298 word
544 271 584 300 word
26 292 68 323 word
73 296 156 330 word
161 302 251 334 word
252 310 301 338 word
301 315 403 343 word
410 316 532 358 word
29 327 78 355 word
86 330 137 362 word
143 328 206 366 word
219 335 377 372 word
392 355 447 377 word
449 352 500 385 word
502 358 553 389 word
557 364 656 409 word
25 359 170 402 word
174 372 239 405 word
239 376 301 411 word
301 381 337 411 word
343 377 471 418 word
479 391 576 430 word
26 413 68 438 word
72 413 135 452 word
141 427 202 454 word
208 420 301 460 word
309 439 350 460 word
351 428 431 461 word
439 440 541 476 word
30 446 54 474 word
61 454 118 480 word
125 458 216 485 word
220 462 274 496 word
278 459 331 497 word
330 465 405 497 word
404 467 476 503 word
478 473 534 504 word
541 475 632 514 word
25 480 58 506 word
59 486 135 521 word
134 494 179 517 word
182 488 254 525 word
262 500 323 532 word
329 504 384 531 word
384 508 465 539 word
471 507 600 553 word
181 545 269 578 word
281 546 425 586 word
