130
15 44 112 73 word
113 35 191 65 word
192 31 303 68 word
308 29 349 64 word
350 26 446 60 word
459 33 492 64 word
495 37 570 70 word
18 70 50 98 word
58 73 119 94 word
129 67 172 91 word
171 58 220 93 word
220 65 314 95 word
321 64 356 92 word
361 67 503 100 word
507 71 564 98 word
568 72 627 104 word
16 102 75 129 word
85 100 121 121 word
130 93 287 123 word
291 101 374 133 word
377 97 407 128 word
417 102 462 133 word
465 100 557 139 word
14 135 52 161 word
57 129 111 154 word
114 126 189 155 word
189 127 273 158 word
273 135 327 162 word
329 141 377 164 word
381 142 468 170 word
471 139 553 171 word
559 148 645 174 word
12 175 59 206 word
64 178 98 205 word
104 178 164 209 word
174 172 205 204 word
211 185 319 216 word
321 191 369 211 word
377 188 435 216 word
437 188 469 216 word
471 187 516 217 word
520 192 622 234 word
15 206 54 234 word
58 209 205 234 word
212 215 259 238 word
261 216 335 244 word
344 217 374 244 word
378 216 416 244 word
420 215 487 254 word
500 227 530 250 word
535 220 576 248 word
580 225 642 259 word
15 240 49 267 word
52 236 148 265 word
168 241 302 279 word
317 246 344 274 word
348 252 388 273 word
389 253 465 279 word
473 252 563 281 word
9 273 54 296 word
63 272 130 299 word
140 267 172 293 word
189 273 247 306 word
258 279 366 307 word
371 281 534 313 word
536 282 573 314 word
568 280 655 331 word
4 317 64 348 word
72 317 123 348 word
128 315 190 351 word
198 319 233 354 word
239 321 295 349 word
303 323 414 355 word
423 330 451 355 word
459 324 566 361 word
10 351 112 383 word
115 355 165 379 word
169 354 223 381 word
226 358 302 386 word
305 357 343 386 word
347 359 414 391 word
414 357 453 388 word
456 359 492 391 word
501 354 605 393 word
9 382 35 407 word
40 386 84 412 word
91 388 140 412 word
148 392 177 417 word
189 390 294 418 word
306 385 342 418 word
347 393 461 423 word
469 392 580 425 word
4 412 75 447 word
86 421 149 451 word
153 420 209 448 word
224 419 313 459 word
313 424 343 451 word
349 425 437 455 word
442 427 482 454 word
496 423 591 456 word
4 461 38 489 word
47 465 178 495 word
187 466 272 495 word
276 462 320 493 word
331 460 420 492 word
426 467 612 500 word
5 495 59 520 word
63 500 120 524 word
126 500 195 524 word
198 501 321 536 word
326 503 383 528 word
395 499 465 530 word
473 504 502 531 word
507 504 604 536 word
4 522 130 558 word
137 537 202 559 word
205 537 291 569 word
300 532 334 563 word
338 541 440 573 word
441 536 479 565 word
480 537 516 562 word
524 532 600 570 word
9 556 30 582 word
31 556 136 585 word
147 563 253 601 word
258 569 282 601 word
288 569 368 598 word
375 571 564 605 word
255 603 356 636 word
374 604 530 645 word
