230
23 14 114 46 word
119 8 243 44 word
247 16 295 43 word
299 10 331 38 word
340 14 435 36 word
444 14 478 37 word
483 12 536 42 word
541 18 620 45 word
28 46 111 73 word
116 44 156 68 word
157 45 241 74 word
250 43 288 71 word
294 43 393 82 word
399 36 439 68 word
444 39 520 78 word
532 49 596 78 word
17 80 120 108 word
125 79 174 105 word
182 74 248 107 word
253 75 296 107 word
300 77 393 111 word
400 79 437 106 word
437 77 478 108 word
478 80 583 116 word
21 120 94 144 word
98 113 182 142 word
188 113 233 140 word
245 107 312 141 word
319 113 414 149 word
426 113 538 146 word
548 118 612 148 word
15 148 118 177 word
121 151 183 171 word
187 137 241 169 word
243 141 335 172 word
343 153 463 187 word
463 155 502 185 word
504 155 536 183 word
536 155 656 188 word
17 183 72 212 word
72 179 205 209 word
211 174 240 199 word
246 176 324 212 word
328 185 359 209 word
362 187 472 217 word
481 189 522 215 word
525 192 572 219 word
575 187 643 224 word
18 215 88 244 word
97 210 175 245 word
175 212 299 247 word
312 217 358 252 word
364 215 398 243 word
403 223 535 260 word
543 220 576 253 word
578 229 650 262 word
18 244 87 276 word
93 245 135 274 word
135 247 205 275 word
208 245 306 281 word
314 251 376 281 word
386 250 424 280 word
430 259 476 281 word
481 258 524 285 word
531 259 634 291 word
16 280 43 308 word
47 282 112 310 word
125 273 157 306 word
164 279 271 310 word
276 281 313 313 word
314 287 342 314 word
347 291 413 315 word
417 281 535 315 word
538 288 645 321 word
12 314 77 338 word
79 307 183 338 word
187 314 243 337 word
253 313 303 341 word
306 315 396 347 word
400 316 433 345 word
434 319 478 347 word
478 319 551 352 word
556 321 615 347 word
11 345 87 372 word
101 345 135 371 word
137 343 183 369 word
185 345 234 370 word
241 344 347 379 word
357 347 418 374 word
423 345 524 376 word
528 355 585 376 word
587 349 659 377 word
11 376 59 399 word
68 369 101 397 word
108 370 155 398 word
162 366 243 397 word
246 376 327 405 word
328 377 357 406 word
362 372 399 403 word
403 382 455 403 word
458 376 535 405 word
541 377 578 406 word
585 379 652 417 word
11 399 84 432 word
95 404 157 430 word
165 399 265 433 word
269 407 386 437 word
389 407 482 438 word
482 406 587 438 word
15 434 120 472 word
118 437 169 467 word
168 439 197 461 word
198 438 238 463 word
241 432 336 463 word
15 472 58 506 word
66 478 206 507 word
213 480 255 504 word
258 473 358 500 word
368 472 412 500 word
418 467 502 494 word
506 466 639 503 word
14 509 74 534 word
80 503 201 534 word
208 509 251 535 word
252 500 406 532 word
411 500 448 527 word
451 499 598 528 word
601 499 633 525 word
14 536 58 570 word
58 538 150 565 word
156 534 225 569 word
229 535 288 563 word
298 530 329 563 word
333 536 352 553 word
357 529 404 556 word
409 523 490 555 word
494 523 528 552 word
537 528 656 555 word
14 575 56 601 word
60 572 156 603 word
171 565 213 591 word
216 563 338 600 word
349 561 398 596 word
403 556 482 594 word
485 561 544 593 word
543 559 568 593 word
576 562 658 592 word
9 606 53 636 word
54 606 102 635 word
105 597 144 629 word
156 599 238 627 word
250 600 293 629 word
299 601 424 633 word
430 603 462 633 word
472 603 509 624 word
513 599 561 622 word
11 638 106 662 word
115 633 151 662 word
153 627 184 656 word
185 626 260 662 word
265 636 310 660 word
321 633 525 663 word
528 635 591 662 word
12 666 142 705 word
153 661 215 687 word
217 663 288 696 word
292 665 365 688 word
368 663 402 693 word
406 663 469 697 word
474 668 509 693 word
511 666 561 691 word
564 670 621 691 word
7 704 94 731 word
100 701 174 730 word
192 695 305 729 word
310 689 345 726 word
350 689 403 721 word
409 696 473 724 word
486 700 527 717 word
532 696 659 728 word
8 744 82 772 word
95 730 167 773 word
172 731 247 757 word
257 733 322 758 word
327 725 383 755 word
391 723 426 756 word
432 723 514 758 word
522 726 647 758 word
8 773 73 798 word
75 770 192 795 word
202 763 243 790 word
247 763 307 792 word
315 762 368 785 word
375 757 530 787 word
541 755 593 786 word
10 805 115 834 word
122 791 230 830 word
238 797 296 827 word
295 787 351 819 word
356 786 419 819 word
424 785 495 819 word
501 781 559 819 word
570 781 652 816 word
8 833 43 864 word
50 834 84 861 word
88 830 246 869 word
257 836 326 870 word
322 826 386 855 word
386 820 527 859 word
536 819 568 853 word
578 821 641 854 word
7 874 53 894 word
58 873 126 904 word
139 867 175 898 word
179 868 243 896 word
258 871 302 895 word
305 866 390 898 word
397 866 455 897 word
461 869 510 892 word
518 866 549 891 word
553 864 633 890 word
11 896 42 926 word
50 906 74 930 word
78 904 175 931 word
181 903 241 930 word
246 897 342 926 word
343 898 384 927 word
393 902 454 925 word
466 892 558 926 word
579 894 639 925 word
