144
23 27 102 48 word
120 31 167 52 word
185 21 222 50 word
233 23 296 51 word
315 21 368 49 word
375 22 511 46 word
524 16 557 42 word
562 18 618 42 word
20 60 71 80 word
87 57 116 77 word
131 56 276 78 word
294 55 321 74 word
334 51 434 81 word
440 56 502 79 word
510 55 598 82 word
15 93 158 110 word
168 92 197 111 word
208 96 248 112 word
262 83 388 115 word
397 81 488 109 word
504 87 552 114 word
560 92 621 116 word
13 126 42 147 word
58 127 111 150 word
128 129 170 153 word
179 128 208 144 word
232 119 348 151 word
362 118 481 148 word
486 127 510 145 word
520 121 579 147 word
591 131 650 154 word
13 158 74 181 word
87 165 109 179 word
130 158 213 182 word
233 157 368 179 word
382 158 432 180 word
446 153 477 175 word
495 151 573 177 word
20 194 91 218 word
122 196 186 213 word
199 195 246 212 word
252 185 318 209 word
332 187 428 210 word
438 185 467 205 word
591 189 645 212 word
479 184 591 215 word
22 229 67 252 word
76 226 146 255 word
156 221 191 248 word
203 223 257 241 word
261 223 305 240 word
320 218 374 245 word
389 213 478 244 word
491 215 585 248 word
592 227 632 249 word
17 265 57 290 word
66 262 110 284 word
129 261 215 282 word
230 250 298 276 word
313 244 357 269 word
367 250 500 276 word
511 249 627 276 word
11 298 39 320 word
44 299 98 320 word
113 290 188 317 word
207 284 243 309 word
258 284 357 310 word
360 282 380 304 word
395 275 420 300 word
431 282 462 303 word
471 280 518 305 word
534 278 643 309 word
11 329 77 352 word
92 326 168 352 word
179 330 242 354 word
247 317 274 344 word
291 313 351 340 word
361 308 444 335 word
455 313 478 336 word
489 312 522 334 word
535 315 631 348 word
11 360 133 383 word
147 363 182 380 word
194 354 289 386 word
301 348 360 375 word
369 338 473 373 word
492 343 515 369 word
524 348 568 372 word
577 348 646 377 word
7 394 42 418 word
57 395 156 417 word
170 391 252 414 word
268 386 383 406 word
395 381 427 398 word
436 379 483 395 word
497 379 548 397 word
559 378 593 398 word
8 429 62 454 word
75 425 157 454 word
172 422 209 446 word
223 424 371 446 word
382 416 430 438 word
450 404 550 434 word
561 406 652 436 word
11 465 76 485 word
87 460 106 483 word
116 466 177 492 word
178 463 192 484 word
202 463 229 483 word
223 455 290 479 word
301 455 351 475 word
358 447 440 472 word
449 450 511 469 word
523 441 631 475 word
13 493 98 520 word
111 493 147 519 word
153 497 208 524 word
215 490 286 525 word
295 487 361 509 word
377 479 507 505 word
516 479 539 502 word
551 478 607 504 word
15 529 69 556 word
83 525 251 552 word
262 524 289 548 word
295 518 393 549 word
413 520 459 547 word
471 512 508 534 word
524 513 662 541 word
13 571 41 590 word
55 565 88 588 word
102 560 184 592 word
208 552 351 587 word
357 554 421 578 word
434 546 503 573 word
514 551 543 573 word
554 547 654 573 word
14 603 115 626 word
135 601 181 621 word
190 591 226 617 word
234 588 348 615 word
364 578 393 611 word
406 581 441 607 word
448 582 532 613 word
