201
11 61 37 81 word
52 65 135 87 word
145 66 198 84 word
209 61 307 97 word
317 61 350 83 word
354 64 399 80 word
412 57 482 84 word
497 50 565 74 word
581 51 612 74 word
12 95 51 111 word
61 91 147 116 word
160 91 252 119 word
268 97 333 115 word
345 92 456 115 word
466 93 510 107 word
522 86 572 105 word
583 86 635 113 word
18 124 67 144 word
87 120 117 142 word
135 119 260 148 word
271 118 332 141 word
349 121 427 147 word
436 121 484 140 word
496 120 527 140 word
535 120 608 143 word
17 155 93 185 word
98 158 142 178 word
150 149 182 169 word
192 149 246 168 word
258 151 293 169 word
299 150 383 178 word
391 145 428 169 word
437 144 490 173 word
494 145 576 174 word
589 144 623 169 word
19 189 171 215 word
182 180 225 207 word
240 176 337 202 word
350 183 404 208 word
414 177 473 205 word
483 176 585 209 word
16 217 52 240 word
64 208 268 246 word
279 207 348 234 word
353 213 446 242 word
457 216 509 246 word
514 212 560 234 word
17 246 126 273 word
142 243 176 268 word
188 241 357 272 word
367 248 399 268 word
411 239 505 267 word
518 241 552 264 word
561 248 626 274 word
18 281 48 307 word
62 275 154 302 word
166 274 243 302 word
248 275 330 300 word
340 279 392 299 word
401 279 455 298 word
469 276 506 298 word
516 275 614 303 word
20 312 55 339 word
65 310 142 338 word
160 309 251 340 word
255 308 293 333 word
297 311 327 332 word
340 309 508 336 word
515 303 584 332 word
599 304 629 327 word
21 346 83 373 word
102 348 175 373 word
183 344 245 364 word
256 336 347 369 word
358 335 471 366 word
487 334 619 362 word
22 377 54 406 word
64 377 133 403 word
148 376 230 401 word
241 369 350 394 word
364 366 503 393 word
516 366 551 390 word
557 371 596 391 word
21 414 135 437 word
151 409 265 434 word
267 402 296 425 word
307 395 335 424 word
342 400 383 424 word
385 399 438 423 word
453 400 537 426 word
546 399 586 422 word
22 447 117 471 word
134 444 226 473 word
241 433 275 461 word
280 428 402 458 word
413 424 450 450 word
459 430 520 458 word
525 426 613 453 word
19 484 78 508 word
87 479 132 500 word
146 471 241 501 word
266 462 380 493 word
391 462 490 489 word
510 459 540 483 word
549 460 619 486 word
28 514 84 541 word
103 511 189 540 word
204 498 235 522 word
243 499 281 523 word
286 494 359 520 word
369 491 463 521 word
470 498 512 522 word
526 485 557 507 word
567 491 632 518 word
27 548 53 573 word
66 547 207 577 word
212 534 279 565 word
300 524 330 554 word
342 524 430 552 word
439 523 478 549 word
490 526 598 556 word
602 529 630 549 word
27 585 53 602 word
55 579 161 602 word
173 575 197 600 word
209 574 262 603 word
264 573 301 590 word
305 564 344 588 word
351 558 411 589 word
422 561 459 577 word
469 559 592 586 word
28 619 56 644 word
70 614 140 644 word
158 604 228 635 word
237 596 353 632 word
357 596 411 618 word
422 587 463 610 word
474 583 590 617 word
29 652 49 673 word
62 653 93 675 word
98 644 159 669 word
165 637 238 664 word
244 641 271 658 word
279 631 391 665 word
397 632 424 654 word
430 631 480 652 word
488 627 588 648 word
593 622 636 647 word
26 675 120 701 word
137 673 232 698 word
246 667 309 694 word
320 670 353 688 word
366 667 455 693 word
461 664 507 685 word
518 662 545 686 word
553 658 634 684 word
26 710 249 737 word
257 700 288 731 word
297 697 414 731 word
418 696 445 720 word
458 692 543 723 word
546 697 612 717 word
25 738 105 761 word
125 735 155 762 word
173 737 211 763 word
221 736 310 764 word
328 731 366 759 word
378 729 455 762 word
454 736 506 753 word
510 725 612 752 word
618 727 646 749 word
24 768 111 795 word
133 776 184 799 word
200 767 257 795 word
269 764 353 791 word
364 766 391 788 word
399 761 477 791 word
487 756 531 778 word
530 755 594 786 word
602 760 633 782 word
24 802 47 827 word
58 797 166 828 word
173 795 295 819 word
309 790 339 816 word
349 788 494 826 word
495 794 542 816 word
547 790 661 823 word
20 833 70 854 word
80 827 189 854 word
196 824 312 854 word
321 828 390 856 word
399 826 487 854 word
497 819 610 846 word
14 857 177 887 word
195 859 238 889 word
243 855 351 885 word
358 854 399 882 word
404 854 481 882 word
483 853 539 882 word
543 857 575 887 word
576 849 629 882 word
