133
18 24 51 51 word
56 17 91 50 word
97 17 189 51 word
202 24 244 51 word
250 30 315 49 word
329 19 467 59 word
475 19 641 58 word
12 53 111 89 word
115 53 300 92 word
302 57 328 86 word
333 61 444 88 word
451 59 502 87 word
507 64 610 91 word
12 93 141 122 word
153 88 252 120 word
257 89 298 121 word
305 91 354 120 word
362 87 397 120 word
405 92 485 125 word
489 93 530 123 word
539 94 643 126 word
9 132 79 156 word
89 123 219 154 word
231 121 363 163 word
370 121 410 154 word
413 129 483 156 word
486 130 532 156 word
537 126 576 160 word
10 164 129 196 word
137 153 208 192 word
210 161 308 195 word
320 163 406 194 word
418 162 459 192 word
476 160 614 196 word
11 203 65 226 word
71 199 244 234 word
254 198 301 232 word
312 195 493 234 word
12 247 49 278 word
58 251 109 275 word
113 248 227 282 word
245 246 330 288 word
333 255 407 286 word
418 252 460 281 word
460 254 566 288 word
570 259 600 291 word
606 258 649 286 word
14 280 125 313 word
135 291 211 315 word
211 286 327 322 word
338 294 485 324 word
485 292 524 320 word
527 292 655 326 word
7 317 139 352 word
141 324 220 352 word
230 326 333 355 word
338 327 535 359 word
9 356 199 390 word
226 364 257 392 word
266 362 409 392 word
61 398 183 432 word
192 405 307 435 word
310 397 341 427 word
349 398 393 427 word
399 400 572 432 word
11 435 37 466 word
40 438 85 466 word
97 440 208 474 word
218 438 248 467 word
259 439 300 467 word
319 440 471 475 word
480 440 532 473 word
543 437 579 471 word
11 473 151 506 word
26 503 172 537 word
183 511 313 537 word
323 511 378 539 word
379 503 431 538 word
426 502 531 539 word
535 511 650 556 word
18 537 92 575 word
95 548 196 577 word
201 549 300 582 word
16 576 128 613 word
134 587 262 613 word
274 586 315 617 word
320 586 358 612 word
366 579 524 613 word
10 610 57 641 word
60 612 137 648 word
156 614 187 648 word
192 619 237 646 word
243 613 376 654 word
386 614 433 647 word
441 612 534 645 word
537 611 642 645 word
8 643 141 676 word
10 675 68 702 word
72 680 184 710 word
198 681 253 712 word
260 680 435 719 word
440 680 488 721 word
488 687 586 721 word
587 688 640 717 word
8 704 45 736 word
50 711 144 746 word
143 716 184 746 word
188 722 266 752 word
273 714 307 748 word
310 722 438 751 word
82 750 189 783 word
195 755 222 783 word
230 751 266 785 word
271 748 322 778 word
330 750 487 787 word
11 781 32 802 word
38 773 71 802 word
79 786 245 814 word
252 793 390 816 word
402 797 558 826 word
576 804 618 829 word
7 814 104 842 word
111 822 175 850 word
179 812 285 848 word
292 828 349 856 word
351 825 398 854 word
409 829 598 863 word
15 850 45 876 word
50 855 106 889 word
115 852 155 878 word
168 854 233 883 word
240 847 282 892 word
281 859 469 897 word
