146
18 18 134 50 word
144 21 239 46 word
259 10 301 40 word
313 12 403 47 word
410 15 458 43 word
462 18 566 49 word
21 51 144 88 word
153 56 199 91 word
203 54 260 92 word
274 46 343 79 word
356 52 494 86 word
504 57 646 106 word
23 88 58 120 word
70 98 183 132 word
201 101 261 132 word
269 100 324 128 word
333 88 411 129 word
418 104 465 130 word
473 101 592 141 word
17 133 86 162 word
98 139 140 169 word
157 139 298 174 word
308 144 402 170 word
409 147 475 176 word
483 146 525 177 word
525 144 659 197 word
14 169 42 197 word
49 175 84 199 word
95 179 225 213 word
236 184 377 223 word
382 189 447 226 word
448 195 478 224 word
486 194 569 227 word
14 204 78 243 word
82 216 206 251 word
220 216 284 250 word
293 224 336 252 word
344 225 487 265 word
492 224 622 275 word
18 252 72 278 word
79 251 122 280 word
132 250 194 293 word
201 255 267 288 word
273 258 322 293 word
322 266 455 300 word
466 268 579 310 word
15 288 118 322 word
127 288 170 317 word
179 292 243 324 word
243 302 322 333 word
327 302 454 341 word
469 305 504 336 word
509 307 577 345 word
587 309 658 355 word
19 322 82 352 word
92 323 134 356 word
137 322 303 362 word
218 371 321 405 word
323 377 355 410 word
362 368 391 406 word
402 381 442 412 word
447 379 600 424 word
14 405 43 426 word
50 393 85 432 word
91 404 160 438 word
165 411 203 437 word
206 416 357 449 word
368 425 488 456 word
492 430 631 463 word
22 437 50 463 word
57 437 199 471 word
211 444 252 474 word
257 449 375 487 word
375 454 414 485 word
419 463 455 492 word
459 459 562 499 word
571 471 606 494 word
15 473 135 501 word
150 473 215 508 word
225 485 330 509 word
338 489 494 523 word
496 495 542 522 word
546 496 645 530 word
18 507 123 535 word
135 510 177 539 word
185 513 305 545 word
305 511 340 552 word
350 518 384 550 word
388 522 557 566 word
15 539 154 569 word
164 550 209 575 word
209 546 246 579 word
257 549 307 579 word
314 548 471 585 word
472 562 511 598 word
517 568 654 604 word
10 572 44 599 word
44 572 91 601 word
97 579 165 607 word
183 582 225 607 word
226 587 320 611 word
328 582 370 614 word
381 596 496 627 word
502 601 606 631 word
24 607 72 634 word
84 612 167 641 word
182 617 276 649 word
286 617 320 648 word
328 619 441 653 word
454 629 513 659 word
539 632 621 659 word
22 643 65 674 word
70 650 210 675 word
223 648 366 681 word
374 660 426 687 word
430 656 463 684 word
486 655 549 690 word
18 683 59 711 word
59 684 108 711 word
116 683 234 717 word
245 686 294 719 word
302 695 433 729 word
451 695 585 728 word
22 712 59 749 word
71 726 197 755 word
203 726 237 751 word
241 726 281 752 word
289 728 471 763 word
478 732 620 766 word
19 751 68 784 word
74 759 146 790 word
158 766 199 788 word
208 766 362 801 word
383 767 524 807 word
530 772 558 799 word
558 770 606 800 word
19 794 73 822 word
85 793 278 833 word
286 798 324 828 word
337 800 383 828 word
385 799 510 834 word
119 840 241 874 word
251 839 289 870 word
296 839 335 873 word
348 840 391 867 word
399 842 569 871 word
