169
33 17 165 46 word
168 9 220 35 word
226 3 374 37 word
25 54 60 81 word
66 45 169 81 word
185 37 305 71 word
313 42 440 72 word
444 37 506 66 word
513 44 647 75 word
19 84 53 111 word
63 79 188 106 word
192 71 272 104 word
275 81 333 108 word
340 72 379 99 word
386 68 501 107 word
501 74 544 101 word
22 109 236 149 word
246 106 285 135 word
289 106 459 144 word
465 105 503 136 word
509 107 607 147 word
611 111 649 141 word
18 144 184 183 word
198 148 234 172 word
234 142 281 171 word
286 141 399 174 word
403 146 459 174 word
461 144 525 171 word
530 146 642 182 word
16 181 74 210 word
79 177 181 213 word
194 175 309 211 word
314 184 355 202 word
357 175 403 202 word
409 170 534 205 word
541 177 610 206 word
17 213 106 247 word
114 216 181 243 word
184 208 320 243 word
333 208 486 243 word
493 210 542 241 word
555 204 594 236 word
15 246 144 280 word
151 244 268 278 word
278 239 337 275 word
342 248 402 275 word
404 241 447 274 word
447 240 582 276 word
15 282 192 319 word
12 333 46 363 word
50 329 98 358 word
100 326 199 358 word
15 363 81 391 word
86 358 199 388 word
210 354 314 382 word
316 349 350 378 word
352 350 446 378 word
448 348 476 377 word
482 350 548 378 word
552 345 592 375 word
11 388 141 425 word
156 385 187 417 word
192 384 259 414 word
271 390 333 414 word
341 383 511 411 word
520 381 557 406 word
565 376 605 410 word
10 425 156 459 word
164 423 205 448 word
212 418 313 452 word
322 419 418 447 word
420 414 485 444 word
488 416 570 451 word
14 462 113 489 word
118 456 184 482 word
187 454 314 487 word
316 454 383 481 word
390 453 458 479 word
465 446 615 483 word
14 493 58 525 word
64 490 167 522 word
175 486 215 510 word
222 483 264 510 word
272 488 370 517 word
381 480 465 513 word
475 479 620 515 word
17 529 80 557 word
86 529 153 553 word
160 522 309 555 word
321 522 384 548 word
391 518 523 551 word
529 520 659 555 word
9 558 78 586 word
85 556 227 593 word
238 556 298 583 word
312 545 432 582 word
440 552 473 577 word
479 551 615 578 word
10 592 39 620 word
43 593 100 619 word
102 589 137 621 word
149 597 261 627 word
269 579 382 610 word
390 584 461 618 word
465 583 582 612 word
590 580 636 607 word
11 626 195 655 word
197 627 239 648 word
243 615 391 648 word
393 614 428 646 word
442 614 615 645 word
620 611 656 641 word
9 652 137 682 word
146 659 185 686 word
187 652 232 684 word
243 654 322 680 word
336 654 455 675 word
466 653 524 683 word
534 650 592 676 word
5 682 93 716 word
100 680 172 714 word
179 688 226 714 word
231 686 269 719 word
275 680 425 711 word
431 682 472 708 word
476 681 527 707 word
531 677 603 703 word
16 715 181 751 word
183 716 255 749 word
260 719 303 745 word
305 714 349 740 word
361 707 427 746 word
439 708 576 743 word
584 707 647 738 word
17 742 78 770 word
87 746 222 777 word
232 749 264 777 word
269 744 312 773 word
312 745 397 767 word
413 736 605 769 word
12 778 70 808 word
68 776 133 802 word
139 774 239 809 word
245 771 362 806 word
369 771 433 800 word
438 763 507 804 word
511 760 544 793 word
549 767 617 798 word
9 805 154 840 word
165 809 201 835 word
204 804 237 839 word
246 806 371 836 word
382 806 452 835 word
456 800 570 833 word
582 800 628 835 word
15 837 111 868 word
120 836 191 866 word
195 835 260 867 word
269 833 404 873 word
404 841 453 873 word
454 839 563 871 word
569 833 604 864 word
7 874 95 905 word
106 870 156 906 word
160 874 285 903 word
292 882 340 909 word
350 881 410 905 word
417 871 561 916 word
566 866 611 902 word
