154
30 17 127 52 word
136 22 176 47 word
182 12 220 42 word
224 8 381 49 word
388 24 446 51 word
449 17 514 47 word
517 22 655 74 word
22 56 64 86 word
68 51 99 79 word
102 56 139 81 word
148 51 205 86 word
211 51 279 80 word
286 51 418 87 word
421 52 458 82 word
461 57 545 89 word
548 59 606 93 word
17 95 72 120 word
74 87 189 119 word
197 87 227 122 word
231 98 284 120 word
285 87 391 123 word
392 94 462 126 word
467 93 643 140 word
18 125 100 151 word
98 123 258 157 word
16 160 87 190 word
88 161 157 188 word
165 156 285 188 word
288 160 338 187 word
343 160 456 192 word
462 163 523 190 word
527 169 576 199 word
15 197 147 223 word
153 190 195 217 word
195 191 239 216 word
244 189 428 225 word
435 195 495 230 word
494 197 622 230 word
10 224 87 253 word
87 222 172 251 word
8 259 85 282 word
87 257 154 285 word
158 252 261 281 word
269 251 310 284 word
312 251 427 276 word
430 248 469 279 word
476 247 507 278 word
511 252 636 281 word
12 282 51 309 word
60 292 212 320 word
217 286 259 314 word
262 295 370 320 word
381 281 425 312 word
431 284 586 316 word
593 288 636 316 word
9 322 199 355 word
220 321 252 351 word
259 321 358 352 word
365 322 416 352 word
418 319 546 350 word
556 323 626 352 word
8 356 68 377 word
80 351 109 379 word
123 351 230 381 word
241 356 404 386 word
416 349 460 378 word
467 348 579 381 word
5 382 126 416 word
136 391 199 421 word
203 392 266 420 word
276 385 406 421 word
412 382 475 414 word
481 382 614 420 word
618 389 654 421 word
7 413 118 444 word
128 417 204 444 word
208 418 289 446 word
301 417 440 454 word
453 424 525 452 word
532 421 653 459 word
11 441 52 472 word
54 449 227 482 word
230 444 260 475 word
265 449 334 483 word
341 451 437 478 word
444 446 478 479 word
497 446 603 482 word
5 487 139 516 word
142 492 203 518 word
206 489 334 517 word
338 480 382 514 word
384 487 489 522 word
493 488 523 513 word
527 487 652 528 word
8 517 45 550 word
53 524 217 558 word
232 520 358 553 word
369 524 513 556 word
522 518 563 546 word
566 521 639 555 word
7 561 150 597 word
164 561 312 592 word
317 555 364 584 word
368 556 479 590 word
483 561 544 589 word
546 561 659 598 word
8 592 49 622 word
59 599 225 638 word
234 594 272 625 word
276 594 400 632 word
407 597 448 621 word
453 587 496 617 word
502 594 639 625 word
7 633 72 661 word
87 639 218 673 word
225 638 288 662 word
296 629 405 666 word
411 631 521 656 word
528 622 636 655 word
5 669 112 700 word
115 669 161 701 word
164 676 255 701 word
264 666 441 697 word
451 667 525 691 word
529 661 632 693 word
4 712 56 738 word
60 702 114 735 word
115 704 189 735 word
199 703 275 739 word
285 707 320 737 word
334 707 411 730 word
426 702 538 731 word
546 703 606 732 word
4 749 61 770 word
65 746 162 770 word
177 742 253 774 word
262 742 327 773 word
334 739 418 773 word
424 735 525 771 word
531 736 576 762 word
582 732 646 760 word
5 778 77 809 word
80 777 217 807 word
223 784 287 806 word
291 783 434 815 word
444 784 496 809 word
502 779 601 809 word
605 769 643 798 word
10 820 72 847 word
81 815 275 852 word
281 814 344 856 word
354 813 486 859 word
488 816 572 849 word
571 814 639 845 word
