222
8 8 90 41 word
101 6 130 34 word
133 3 208 36 word
210 5 232 25 word
236 5 267 27 word
275 2 333 27 word
344 2 538 30 word
549 4 638 34 word
7 44 54 67 word
61 43 105 67 word
115 36 146 60 word
153 34 235 63 word
240 33 283 58 word
285 30 315 52 word
323 29 430 57 word
435 28 493 54 word
500 31 556 61 word
565 29 614 59 word
7 70 59 98 word
63 67 94 90 word
97 61 181 96 word
49 92 100 116 word
105 92 183 118 word
196 87 276 119 word
278 87 304 116 word
313 91 333 122 word
340 79 410 114 word
425 77 517 114 word
535 85 580 110 word
6 117 101 141 word
113 114 143 139 word
168 116 319 146 word
329 115 379 141 word
381 114 488 146 word
493 112 581 144 word
590 110 648 141 word
8 147 80 171 word
90 140 111 166 word
123 144 195 172 word
204 139 276 175 word
285 144 315 172 word
319 143 453 170 word
462 141 496 166 word
504 141 595 174 word
601 141 635 171 word
7 173 141 196 word
151 174 187 196 word
194 170 286 196 word
306 168 341 193 word
357 170 481 199 word
490 170 544 200 word
10 202 172 234 word
186 204 242 230 word
248 205 299 224 word
314 202 423 229 word
441 200 493 230 word
504 201 577 232 word
577 203 615 231 word
16 232 75 262 word
83 231 157 264 word
170 226 230 254 word
241 229 347 260 word
360 225 503 264 word
511 238 576 262 word
10 265 115 293 word
128 265 178 287 word
188 261 267 289 word
282 265 311 289 word
317 266 386 292 word
393 264 500 294 word
507 258 591 297 word
596 270 625 296 word
8 300 88 326 word
97 293 129 323 word
133 294 223 321 word
327 296 441 324 word
455 293 528 320 word
541 292 609 324 word
9 327 93 355 word
106 332 152 351 word
157 321 253 348 word
266 323 353 348 word
364 320 388 346 word
400 327 446 350 word
451 322 544 348 word
549 321 641 357 word
7 357 45 383 word
51 356 117 383 word
122 357 153 380 word
156 351 193 378 word
193 353 314 381 word
326 351 470 381 word
477 351 519 378 word
527 354 621 387 word
8 389 89 413 word
103 381 261 410 word
264 383 396 406 word
400 380 432 405 word
439 386 477 406 word
482 380 544 407 word
552 386 610 412 word
5 425 50 444 word
58 418 126 442 word
141 413 236 437 word
248 410 281 431 word
290 407 340 434 word
346 410 412 437 word
417 409 454 433 word
474 409 525 437 word
528 412 646 442 word
5 450 38 471 word
45 444 124 469 word
136 440 333 467 word
338 440 393 462 word
396 435 440 460 word
448 432 534 459 word
538 437 572 461 word
580 436 618 466 word
8 479 101 502 word
105 471 137 496 word
146 467 254 501 word
259 466 289 491 word
293 464 329 490 word
333 469 439 498 word
446 469 483 492 word
484 466 530 491 word
538 467 638 500 word
9 503 140 536 word
153 505 261 528 word
274 498 340 527 word
349 495 424 526 word
437 494 537 528 word
548 502 586 527 word
586 497 651 526 word
5 541 65 566 word
78 537 190 564 word
191 537 248 558 word
254 527 370 555 word
375 529 425 552 word
425 528 497 552 word
506 528 594 562 word
8 572 112 598 word
117 568 159 595 word
167 563 277 589 word
283 558 327 585 word
331 554 444 589 word
446 561 527 591 word
534 559 590 585 word
594 560 650 589 word
6 604 48 628 word
49 598 159 628 word
56 630 103 656 word
103 628 135 651 word
141 625 215 649 word
222 617 259 646 word
263 613 361 647 word
362 626 419 649 word
425 620 462 645 word
466 625 510 648 word
523 622 635 652 word
5 658 40 683 word
42 658 127 684 word
135 653 164 675 word
177 646 307 674 word
315 648 439 683 word
448 651 503 679 word
511 652 585 676 word
4 686 162 713 word
168 683 222 712 word
228 682 257 706 word
261 680 330 707 word
339 676 424 707 word
428 680 496 708 word
509 680 541 707 word
543 679 646 708 word
3 721 40 743 word
46 717 105 741 word
113 718 147 743 word
148 717 187 739 word
189 715 245 743 word
248 711 310 742 word
311 712 375 742 word
381 713 427 740 word
436 714 577 745 word
586 712 624 738 word
6 747 76 777 word
84 746 138 772 word
151 745 190 772 word
194 745 279 771 word
288 746 316 770 word
326 741 472 769 word
484 738 572 768 word
577 735 652 773 word
8 782 49 807 word
64 775 144 803 word
153 776 181 801 word
184 772 222 797 word
228 769 304 798 word
312 770 426 805 word
434 771 502 801 word
507 773 550 803 word
7 808 179 836 word
186 806 219 835 word
230 801 340 835 word
349 808 411 840 word
419 802 615 832 word
9 841 83 875 word
89 837 117 866 word
123 841 161 872 word
170 838 274 873 word
280 837 317 865 word
322 843 373 868 word
375 837 410 866 word
416 840 451 865 word
462 830 582 864 word
7 875 87 911 word
102 874 140 902 word
144 873 248 910 word
253 871 296 901 word
301 866 374 901 word
382 875 507 903 word
510 864 621 905 word
