114
8 13 54 38 word
61 3 174 35 word
183 11 245 29 word
257 6 360 34 word
365 9 399 32 word
408 6 547 29 word
557 6 594 29 word
11 40 73 63 word
79 39 126 57 word
136 33 178 56 word
182 30 248 55 word
260 35 303 58 word
308 37 392 61 word
399 37 429 62 word
438 44 478 61 word
486 44 553 70 word
555 47 576 63 word
584 44 631 65 word
9 71 64 96 word
77 65 109 90 word
125 61 200 95 word
213 62 291 96 word
299 64 349 90 word
360 68 431 97 word
444 72 506 103 word
512 72 576 106 word
581 75 609 98 word
6 104 52 129 word
71 98 150 125 word
163 98 225 129 word
235 98 306 130 word
47 130 77 153 word
88 130 159 153 word
170 132 243 154 word
249 132 298 156 word
304 130 383 161 word
390 139 432 159 word
437 137 551 164 word
558 135 653 161 word
3 165 56 191 word
66 156 128 184 word
145 158 178 180 word
182 155 221 180 word
225 162 282 185 word
288 165 346 182 word
359 163 461 192 word
470 173 513 190 word
516 166 593 188 word
7 197 48 221 word
58 192 155 216 word
167 188 208 215 word
213 186 318 224 word
326 188 363 214 word
370 189 418 216 word
423 195 474 228 word
479 203 528 223 word
541 201 618 233 word
6 229 84 256 word
92 224 122 245 word
125 221 248 251 word
263 224 295 245 word
299 222 412 248 word
420 235 470 253 word
483 232 568 258 word
573 228 599 256 word
5 258 104 286 word
119 260 208 282 word
226 252 265 277 word
272 251 407 283 word
423 252 550 284 word
43 290 84 315 word
95 287 172 318 word
185 282 246 310 word
252 286 342 315 word
351 288 377 308 word
384 290 412 311 word
415 286 469 310 word
480 286 563 316 word
571 279 595 311 word
4 324 130 352 word
137 325 198 347 word
203 325 241 341 word
247 316 298 340 word
306 321 343 338 word
351 313 442 343 word
454 316 583 348 word
592 313 630 344 word
3 357 39 380 word
47 353 219 380 word
220 353 269 374 word
272 346 303 368 word
310 347 412 375 word
419 345 482 373 word
486 347 575 368 word
581 345 635 376 word
5 386 63 413 word
69 381 175 412 word
186 377 333 406 word
334 377 367 400 word
374 373 442 397 word
452 371 528 396 word
532 371 561 396 word
569 368 607 395 word
4 416 71 445 word
85 410 188 442 word
190 406 297 433 word
303 413 369 433 word
378 402 476 433 word
481 405 523 423 word
529 397 588 427 word
8 444 172 479 word
184 438 272 467 word
283 436 390 467 word
400 435 588 465 word
