122
52 19 144 56 word
163 22 219 63 word
225 18 301 51 word
324 17 372 52 word
379 16 529 56 word
9 72 87 108 word
105 78 178 108 word
199 68 335 100 word
344 64 393 100 word
406 63 525 112 word
539 68 660 108 word
7 112 53 141 word
56 115 156 143 word
165 106 199 143 word
209 111 266 146 word
281 105 347 150 word
358 111 400 143 word
407 111 506 155 word
524 106 586 140 word
5 154 182 194 word
198 143 320 187 word
329 154 366 182 word
374 153 480 187 word
499 160 551 190 word
7 196 136 227 word
140 192 171 229 word
183 197 209 234 word
213 195 272 226 word
281 191 405 225 word
424 185 460 226 word
471 197 572 231 word
3 243 64 271 word
66 234 111 266 word
119 240 287 273 word
289 240 376 274 word
382 233 425 268 word
435 236 534 273 word
545 233 647 275 word
4 287 40 320 word
47 284 128 317 word
151 273 196 315 word
212 273 349 319 word
358 278 516 314 word
532 282 645 316 word
5 328 72 357 word
75 324 192 363 word
198 326 379 362 word
398 320 448 359 word
456 326 542 365 word
10 374 125 406 word
132 375 245 414 word
259 361 298 405 word
317 364 364 403 word
372 370 641 411 word
7 416 57 451 word
65 416 195 456 word
208 418 245 454 word
250 423 307 452 word
307 417 391 454 word
405 411 438 448 word
448 413 586 445 word
600 412 640 447 word
9 465 53 499 word
58 468 115 507 word
132 466 197 497 word
206 456 403 500 word
417 456 467 497 word
473 458 508 492 word
529 458 645 493 word
5 516 107 549 word
133 511 265 550 word
276 508 359 544 word
369 508 428 552 word
440 504 488 542 word
492 508 584 549 word
592 504 626 539 word
11 558 42 593 word
51 562 195 598 word
208 557 315 593 word
317 559 403 593 word
409 553 448 594 word
449 553 534 597 word
548 555 641 596 word
11 608 40 638 word
45 610 127 639 word
135 605 175 638 word
181 615 428 648 word
426 611 501 647 word
509 611 575 647 word
4 653 94 682 word
109 648 191 683 word
199 648 245 683 word
258 650 471 695 word
478 662 634 695 word
10 689 50 730 word
57 698 146 731 word
149 704 175 726 word
176 703 284 736 word
295 704 322 729 word
329 696 469 737 word
474 698 510 737 word
523 697 589 736 word
11 738 45 771 word
50 742 105 772 word
112 744 216 785 word
223 748 289 774 word
291 748 359 776 word
366 746 517 783 word
535 752 656 797 word
8 783 108 826 word
126 793 337 830 word
10 832 68 867 word
79 836 164 877 word
167 834 215 869 word
229 833 310 871 word
317 840 393 881 word
428 841 589 884 word
11 881 91 912 word
99 877 282 913 word
288 874 335 911 word
341 882 456 919 word
471 887 613 924 word
