84
18 45 93 73 word
98 42 195 74 word
205 44 292 74 word
302 30 419 70 word
430 19 611 53 word
12 79 53 115 word
59 81 254 126 word
271 80 316 112 word
319 72 473 107 word
472 67 502 97 word
501 63 639 99 word
8 132 40 162 word
47 132 150 162 word
155 130 182 155 word
189 127 247 161 word
260 109 455 150 word
476 116 523 139 word
534 111 594 146 word
12 172 113 216 word
120 170 168 209 word
179 165 212 209 word
227 171 393 204 word
400 158 444 192 word
454 156 605 191 word
7 233 73 260 word
79 225 218 255 word
234 205 455 254 word
475 205 527 236 word
532 199 606 236 word
5 276 245 315 word
261 255 315 300 word
315 252 414 296 word
424 254 510 289 word
513 250 627 280 word
4 328 61 359 word
64 329 105 359 word
109 321 167 359 word
175 322 238 350 word
246 327 300 349 word
302 310 403 349 word
403 310 490 343 word
499 306 634 340 word
5 369 144 413 word
157 372 267 412 word
286 370 375 405 word
392 366 481 402 word
490 350 649 395 word
1 425 28 456 word
39 427 132 461 word
149 416 340 451 word
343 416 405 445 word
407 403 564 448 word
579 406 642 442 word
5 463 75 500 word
89 469 226 504 word
239 465 331 501 word
343 466 456 515 word
486 468 549 496 word
559 459 629 488 word
4 510 133 548 word
151 508 191 545 word
201 516 308 555 word
329 508 400 546 word
405 508 544 550 word
552 510 640 548 word
5 559 80 596 word
84 564 189 599 word
190 559 233 591 word
234 555 371 600 word
382 557 444 594 word
439 550 488 589 word
495 555 598 592 word
10 597 79 634 word
97 606 225 639 word
233 597 275 634 word
288 597 405 636 word
421 591 471 628 word
471 590 527 629 word
535 586 606 631 word
11 642 136 686 word
158 647 238 688 word
246 646 335 673 word
349 647 403 680 word
412 646 538 691 word
