127
18 32 53 64 word
58 30 107 52 word
116 12 280 44 word
300 8 444 40 word
459 2 546 37 word
555 7 590 35 word
10 75 89 113 word
105 58 196 99 word
202 53 315 93 word
324 49 414 92 word
425 49 510 79 word
516 51 619 77 word
15 128 88 161 word
101 113 226 154 word
245 109 326 137 word
330 109 389 139 word
398 98 500 139 word
510 101 619 134 word
9 169 60 202 word
75 157 260 195 word
266 149 301 189 word
301 143 386 184 word
388 147 432 177 word
444 146 553 181 word
569 153 620 178 word
14 215 74 250 word
79 208 233 243 word
236 205 348 227 word
364 191 445 223 word
454 189 565 224 word
569 185 611 226 word
12 251 88 292 word
87 245 121 281 word
119 247 234 287 word
236 245 274 284 word
276 243 364 278 word
376 237 451 278 word
465 245 521 275 word
530 238 660 272 word
9 302 71 337 word
85 293 126 330 word
133 291 195 329 word
199 294 238 330 word
243 286 288 320 word
300 289 463 326 word
475 292 605 327 word
5 348 82 381 word
91 335 149 375 word
160 335 326 376 word
343 342 426 371 word
440 333 589 369 word
596 328 633 370 word
7 397 88 430 word
106 384 264 424 word
273 389 328 426 word
349 384 420 419 word
442 385 546 420 word
578 384 660 417 word
4 444 39 476 word
39 441 149 472 word
149 430 191 462 word
201 440 280 472 word
291 426 375 458 word
389 427 460 463 word
481 421 631 463 word
4 485 155 513 word
181 483 245 520 word
260 478 313 507 word
315 472 406 507 word
419 473 481 507 word
487 475 553 501 word
8 521 176 563 word
203 523 244 553 word
257 513 342 562 word
366 515 412 549 word
423 510 618 557 word
10 571 42 611 word
59 573 99 607 word
112 572 300 606 word
303 564 399 599 word
407 557 603 598 word
10 618 105 662 word
108 620 167 656 word
176 622 268 656 word
278 614 347 653 word
359 608 444 642 word
461 613 531 638 word
546 601 614 635 word
9 670 42 703 word
51 672 165 708 word
181 658 272 704 word
291 665 374 689 word
390 648 555 695 word
566 640 614 667 word
8 717 70 753 word
88 719 128 753 word
134 718 185 757 word
194 704 267 737 word
279 704 319 742 word
323 704 374 738 word
383 697 481 730 word
488 690 537 721 word
551 695 641 726 word
10 758 132 793 word
142 756 183 790 word
188 749 312 784 word
323 755 392 779 word
395 738 542 771 word
559 738 636 765 word
9 806 147 843 word
156 801 234 830 word
253 797 361 826 word
384 784 487 820 word
503 780 552 806 word
7 849 137 884 word
153 852 232 881 word
262 832 361 876 word
379 829 423 860 word
434 822 600 855 word
617 807 648 843 word
9 885 106 918 word
115 883 162 918 word
169 888 255 922 word
269 880 357 912 word
368 867 478 904 word
490 869 549 905 word
558 864 635 906 word
