76
17 25 227 61 word
238 26 275 56 word
279 24 331 54 word
348 25 496 63 word
510 17 592 59 word
12 65 123 99 word
133 59 204 102 word
210 60 291 98 word
300 57 383 94 word
391 60 511 101 word
15 106 230 149 word
11 172 59 204 word
71 170 174 212 word
195 164 244 201 word
253 172 426 204 word
431 172 600 208 word
16 211 71 247 word
79 209 258 253 word
260 209 336 245 word
359 208 507 251 word
532 208 617 247 word
11 257 47 292 word
56 259 154 296 word
168 252 210 292 word
215 254 307 295 word
320 253 430 298 word
434 251 487 289 word
495 257 549 287 word
562 260 627 300 word
7 302 44 336 word
57 296 192 338 word
208 293 260 330 word
273 299 389 337 word
397 289 515 333 word
524 292 577 328 word
577 295 645 333 word
8 344 85 377 word
93 337 144 374 word
151 336 255 383 word
264 338 430 374 word
439 331 478 369 word
502 340 624 383 word
10 383 204 421 word
223 379 269 414 word
276 379 347 414 word
355 383 530 420 word
536 381 577 411 word
5 430 129 466 word
144 426 215 456 word
229 427 356 465 word
378 427 463 459 word
472 425 561 460 word
4 476 148 511 word
168 473 241 501 word
251 463 414 506 word
430 474 494 503 word
502 475 593 504 word
601 463 648 504 word
11 510 84 545 word
101 507 165 542 word
177 506 319 548 word
323 509 486 542 word
508 506 564 538 word
11 548 106 584 word
118 539 157 583 word
179 546 254 582 word
265 544 386 579 word
402 548 580 580 word
585 545 655 578 word
8 596 44 631 word
61 608 116 642 word
116 597 157 633 word
177 592 259 633 word
280 589 397 631 word
287 647 385 689 word
399 641 538 683 word
