187
46 7 80 44 word
85 9 146 30 word
147 7 245 26 word
247 3 279 23 word
281 3 320 29 word
324 8 409 42 word
414 4 544 43 word
17 39 218 75 word
224 39 288 72 word
300 39 462 68 word
474 40 611 80 word
15 79 149 112 word
161 73 199 108 word
203 71 362 113 word
366 73 419 107 word
425 79 490 107 word
495 74 559 106 word
562 77 636 112 word
15 122 72 147 word
79 116 120 140 word
132 109 215 142 word
224 115 338 143 word
344 114 382 139 word
385 113 474 148 word
479 113 575 142 word
582 118 624 144 word
18 150 47 179 word
51 154 142 179 word
147 150 178 179 word
187 154 321 182 word
333 143 409 182 word
411 153 460 181 word
473 149 557 184 word
563 147 654 187 word
16 188 99 222 word
118 185 265 222 word
269 190 331 222 word
340 182 379 217 word
386 182 542 220 word
549 183 608 217 word
613 194 656 217 word
10 231 65 255 word
74 222 183 262 word
194 230 246 266 word
251 226 298 259 word
306 220 349 252 word
351 226 532 260 word
539 231 577 258 word
578 231 636 257 word
16 266 45 291 word
56 264 130 295 word
136 264 237 299 word
239 269 349 299 word
351 264 393 294 word
395 265 468 302 word
475 262 542 295 word
539 265 580 294 word
582 267 642 301 word
15 306 68 334 word
77 295 105 328 word
111 303 184 331 word
190 305 298 342 word
306 303 361 336 word
368 301 400 334 word
409 303 518 336 word
527 301 555 329 word
564 312 606 333 word
17 343 142 370 word
150 340 269 371 word
280 347 307 371 word
312 340 391 369 word
393 348 449 375 word
449 337 520 376 word
525 341 590 370 word
14 384 89 409 word
100 382 195 418 word
196 381 298 414 word
312 379 366 409 word
370 383 410 411 word
420 381 489 411 word
504 378 542 409 word
548 382 620 412 word
12 409 40 442 word
45 413 157 446 word
164 419 219 454 word
224 423 260 445 word
264 424 338 456 word
343 418 370 444 word
378 418 426 446 word
431 413 473 441 word
480 418 517 442 word
520 414 611 448 word
46 448 109 486 word
118 454 155 479 word
158 449 215 479 word
222 461 272 490 word
279 455 375 482 word
383 454 431 483 word
439 452 529 478 word
12 497 172 525 word
183 494 237 518 word
243 490 341 524 word
354 482 437 523 word
441 483 536 515 word
542 481 578 515 word
583 483 648 515 word
5 531 98 566 word
105 532 137 571 word
148 532 220 570 word
226 532 285 564 word
292 524 417 562 word
423 525 492 552 word
503 520 654 557 word
7 573 150 601 word
162 565 218 593 word
223 563 286 598 word
296 562 390 592 word
395 562 433 585 word
435 559 516 594 word
523 558 596 592 word
12 603 84 640 word
93 610 158 633 word
174 598 286 631 word
295 599 327 626 word
335 600 434 638 word
446 601 550 638 word
556 601 597 631 word
10 643 121 679 word
132 645 161 673 word
176 636 210 672 word
219 634 310 673 word
314 638 342 669 word
348 639 384 666 word
386 641 442 668 word
452 638 534 668 word
542 646 598 672 word
9 677 111 710 word
115 684 183 710 word
185 680 218 708 word
226 679 334 714 word
344 681 425 710 word
438 673 605 708 word
15 709 144 744 word
158 714 210 745 word
212 717 287 748 word
293 714 333 744 word
338 714 426 752 word
435 716 469 745 word
472 709 509 740 word
515 710 610 750 word
12 746 161 788 word
170 753 306 785 word
313 759 350 785 word
355 752 423 786 word
439 750 478 779 word
480 748 558 783 word
568 745 649 788 word
12 791 75 820 word
88 790 216 822 word
220 786 252 819 word
258 790 327 826 word
331 787 365 820 word
370 786 456 820 word
461 785 514 814 word
516 785 551 814 word
553 790 658 816 word
8 826 81 853 word
87 819 169 852 word
172 821 330 852 word
345 821 513 857 word
524 813 564 843 word
11 862 97 891 word
102 861 140 887 word
144 854 181 883 word
189 855 306 890 word
315 855 352 885 word
358 857 472 892 word
482 857 535 888 word
538 856 621 892 word
15 889 49 922 word
54 889 128 922 word
133 897 181 919 word
189 892 269 932 word
275 892 309 925 word
319 897 391 930 word
397 903 452 927 word
458 897 624 930 word
