123
22 16 65 50 word
72 15 229 47 word
234 19 292 43 word
302 9 432 42 word
433 8 472 38 word
475 7 594 44 word
600 15 647 51 word
15 52 98 88 word
98 53 146 85 word
209 47 278 85 word
285 47 333 74 word
342 38 456 73 word
78 89 113 113 word
120 89 191 120 word
191 92 261 114 word
264 88 303 111 word
309 75 409 105 word
410 79 472 104 word
474 77 590 114 word
592 87 652 119 word
12 118 66 148 word
72 126 136 153 word
143 123 225 154 word
234 115 271 149 word
274 116 330 144 word
335 114 383 149 word
385 107 424 142 word
431 102 539 137 word
551 107 583 144 word
12 157 115 192 word
122 155 192 184 word
198 151 246 181 word
248 154 299 178 word
299 148 388 179 word
396 140 434 167 word
439 140 522 178 word
529 146 608 183 word
611 157 658 187 word
12 189 109 225 word
121 192 163 219 word
168 191 212 218 word
217 188 257 218 word
259 188 315 216 word
320 177 432 209 word
435 182 485 215 word
488 177 539 209 word
549 185 611 213 word
17 222 105 257 word
109 229 189 251 word
190 229 254 255 word
258 219 320 246 word
327 213 410 241 word
419 215 488 241 word
495 210 535 237 word
536 210 608 245 word
612 219 649 254 word
8 259 72 294 word
81 254 118 286 word
122 252 195 291 word
202 253 289 284 word
295 246 379 284 word
382 237 423 274 word
421 240 456 267 word
456 241 536 275 word
544 248 659 293 word
10 294 44 322 word
45 296 141 324 word
151 292 250 317 word
252 291 326 315 word
326 282 371 316 word
377 276 515 303 word
522 274 577 303 word
579 278 633 313 word
14 331 47 366 word
51 334 123 361 word
128 327 175 355 word
177 324 241 356 word
245 320 285 351 word
288 317 352 349 word
358 321 392 348 word
391 308 433 345 word
439 310 534 342 word
65 359 139 392 word
147 363 179 390 word
184 363 236 398 word
239 351 348 395 word
354 348 426 383 word
426 347 513 382 word
517 340 626 376 word
3 398 104 428 word
112 395 147 433 word
150 396 226 428 word
230 400 294 427 word
295 392 378 428 word
388 381 425 420 word
426 385 492 419 word
497 378 570 416 word
573 384 619 417 word
619 377 646 421 word
4 432 115 466 word
119 430 154 461 word
154 430 286 462 word
291 428 331 459 word
333 427 378 458 word
382 425 513 453 word
516 418 545 449 word
549 423 614 446 word
5 472 68 508 word
80 467 222 499 word
224 467 278 496 word
280 460 403 495 word
411 458 509 492 word
515 454 643 494 word
8 509 65 541 word
74 504 190 536 word
204 500 243 528 word
246 495 330 535 word
335 495 400 527 word
412 495 439 521 word
440 495 513 524 word
516 495 557 521 word
562 492 625 525 word
7 541 122 571 word
