235
28 9 84 36 word
85 4 135 29 word
142 6 199 35 word
202 3 234 30 word
235 8 271 32 word
275 8 304 29 word
309 3 361 33 word
370 5 412 37 word
417 10 527 41 word
529 7 617 41 word
42 33 124 59 word
137 30 228 62 word
237 30 329 61 word
338 32 375 60 word
379 34 433 61 word
436 38 473 64 word
469 35 509 65 word
511 38 574 69 word
585 41 610 65 word
37 62 149 89 word
39 89 64 111 word
71 92 151 115 word
153 94 210 112 word
216 88 306 113 word
314 94 382 118 word
387 94 417 117 word
418 95 494 121 word
494 96 549 122 word
551 94 588 123 word
40 119 118 151 word
120 124 165 144 word
169 117 216 144 word
226 120 335 147 word
344 122 376 149 word
384 123 447 149 word
21 155 76 179 word
80 158 109 178 word
110 146 172 179 word
179 148 212 176 word
213 151 326 184 word
331 155 449 186 word
456 165 483 191 word
485 163 573 192 word
575 159 647 190 word
38 184 80 204 word
85 183 116 204 word
116 181 225 211 word
232 180 270 208 word
271 182 364 211 word
370 182 510 223 word
512 189 532 216 word
537 193 587 220 word
36 209 91 239 word
95 208 190 238 word
195 208 261 235 word
265 212 297 242 word
310 215 368 250 word
374 215 448 250 word
449 216 471 255 word
483 224 508 250 word
507 227 577 254 word
581 230 629 259 word
33 241 111 265 word
36 272 76 298 word
84 270 163 300 word
171 270 257 303 word
265 272 344 301 word
347 277 396 303 word
400 275 433 297 word
440 275 537 300 word
542 273 603 297 word
606 272 640 298 word
34 301 119 328 word
125 299 165 323 word
180 301 279 327 word
282 295 317 325 word
321 301 373 334 word
383 301 486 335 word
490 305 515 332 word
517 306 601 336 word
606 304 655 330 word
30 327 173 359 word
177 329 217 354 word
220 331 251 353 word
253 330 342 359 word
350 333 398 358 word
404 329 491 354 word
494 334 588 362 word
591 339 636 360 word
30 359 80 386 word
79 359 142 378 word
149 361 185 379 word
192 356 257 388 word
265 360 355 395 word
366 359 426 385 word
427 363 513 394 word
522 360 550 388 word
558 365 591 389 word
32 393 111 417 word
119 388 165 415 word
181 388 280 418 word
289 390 346 419 word
355 388 421 425 word
424 397 467 419 word
470 395 516 425 word
526 395 614 427 word
26 420 116 458 word
129 417 193 450 word
201 419 241 442 word
252 422 367 457 word
369 423 477 460 word
489 423 530 452 word
531 424 613 456 word
21 460 140 491 word
156 452 214 485 word
222 453 260 482 word
271 455 359 485 word
367 455 475 482 word
476 453 550 491 word
558 457 632 486 word
22 496 60 523 word
68 496 153 526 word
165 492 207 520 word
210 489 319 521 word
326 488 415 518 word
419 487 453 515 word
452 485 502 511 word
512 488 598 517 word
608 484 639 511 word
25 527 105 555 word
107 521 142 552 word
159 525 249 556 word
263 519 317 547 word
329 522 374 545 word
381 515 445 541 word
452 512 528 542 word
21 558 54 588 word
58 560 123 590 word
130 559 160 580 word
166 554 242 582 word
247 550 295 576 word
297 551 334 572 word
335 548 417 574 word
421 547 485 574 word
480 544 593 575 word
593 546 646 572 word
27 594 66 616 word
75 589 142 620 word
143 585 178 612 word
184 582 254 611 word
265 576 337 603 word
339 573 406 602 word
416 573 508 606 word
510 570 546 602 word
558 573 590 599 word
28 622 100 649 word
105 622 168 646 word
177 608 299 638 word
312 607 351 635 word
351 605 439 634 word
445 607 494 630 word
499 603 588 635 word
591 600 621 625 word
29 649 150 678 word
149 650 189 673 word
195 640 309 671 word
312 642 365 663 word
373 635 468 667 word
472 627 512 660 word
516 630 590 661 word
25 674 132 704 word
139 675 168 704 word
176 676 230 700 word
240 669 343 694 word
351 666 402 697 word
403 664 517 695 word
526 664 576 686 word
19 707 110 738 word
119 708 209 736 word
217 702 274 729 word
279 697 308 725 word
317 698 395 721 word
403 696 465 718 word
465 694 544 724 word
546 691 633 717 word
23 740 57 769 word
66 735 171 763 word
176 734 214 761 word
213 734 271 758 word
272 725 367 752 word
368 723 451 751 word
453 719 491 744 word
499 720 611 744 word
30 764 108 792 word
118 763 183 792 word
193 755 310 785 word
316 752 409 785 word
416 746 480 775 word
482 744 518 770 word
520 743 621 770 word
28 797 53 821 word
59 793 165 819 word
177 789 247 816 word
250 788 290 810 word
297 786 405 811 word
408 779 472 803 word
475 775 507 800 word
507 772 594 800 word
24 824 87 847 word
96 817 210 844 word
216 815 252 838 word
255 810 372 839 word
381 806 480 833 word
488 801 532 832 word
535 797 562 830 word
565 800 635 828 word
22 844 158 873 word
160 844 225 870 word
233 832 335 865 word
341 833 379 868 word
383 833 466 863 word
468 831 507 855 word
507 830 605 855 word
610 829 647 850 word
22 871 111 899 word
119 868 238 897 word
241 861 298 889 word
301 861 391 896 word
397 857 428 887 word
433 854 552 889 word
557 853 645 882 word
23 894 112 926 word
116 897 240 924 word
246 891 281 917 word
292 889 412 925 word
