125
49 16 84 49 word
81 10 135 40 word
146 8 225 42 word
232 8 266 38 word
275 9 379 43 word
386 10 440 40 word
446 7 475 33 word
480 4 549 33 word
60 46 137 75 word
150 45 206 66 word
208 42 278 74 word
281 44 334 75 word
336 43 396 70 word
405 38 522 66 word
63 79 95 106 word
97 78 148 107 word
151 74 212 102 word
213 71 251 98 word
260 74 366 99 word
376 73 427 98 word
434 68 521 98 word
68 108 107 139 word
113 109 149 128 word
153 101 333 129 word
347 97 409 125 word
412 105 458 128 word
462 104 522 127 word
67 137 170 165 word
175 132 223 162 word
225 130 335 163 word
337 127 365 162 word
370 128 425 158 word
431 129 474 157 word
480 127 559 161 word
118 164 253 195 word
260 162 321 190 word
322 158 426 190 word
75 198 144 229 word
146 194 209 220 word
217 191 250 218 word
257 197 317 227 word
320 194 382 219 word
385 191 471 219 word
478 192 549 218 word
555 191 607 223 word
122 223 243 250 word
251 225 292 251 word
298 219 342 253 word
350 219 430 260 word
73 271 143 301 word
143 266 182 293 word
188 253 303 292 word
313 255 348 287 word
355 257 390 288 word
74 305 111 331 word
114 305 139 330 word
142 307 199 328 word
208 287 284 323 word
289 298 379 327 word
386 298 413 327 word
419 299 453 324 word
71 338 149 369 word
156 341 213 368 word
219 331 314 371 word
316 327 351 361 word
355 329 385 358 word
393 328 502 362 word
72 366 129 403 word
130 375 170 395 word
176 363 260 397 word
264 365 324 396 word
335 365 372 392 word
376 361 426 395 word
432 361 466 390 word
472 355 541 390 word
538 351 603 382 word
603 354 640 381 word
112 400 150 430 word
153 399 255 428 word
255 392 352 430 word
60 433 123 472 word
126 434 168 460 word
169 428 254 465 word
258 430 282 463 word
287 431 344 462 word
349 433 377 463 word
382 428 473 460 word
476 427 516 456 word
522 420 599 454 word
122 461 197 494 word
205 460 312 488 word
70 503 104 545 word
108 513 176 537 word
178 504 262 537 word
271 504 301 535 word
308 508 400 537 word
405 506 437 538 word
440 506 489 531 word
495 501 546 531 word
548 501 575 528 word
577 499 643 529 word
75 545 134 580 word
139 539 178 569 word
183 543 287 575 word
300 536 333 566 word
338 542 398 569 word
404 535 439 565 word
440 541 476 569 word
483 537 570 562 word
578 534 621 561 word
129 575 217 603 word
85 606 126 638 word
127 606 191 634 word
196 603 268 633 word
282 599 427 634 word
428 592 480 628 word
489 603 611 634 word
139 633 231 668 word
97 661 128 695 word
140 668 197 693 word
212 665 282 696 word
287 661 417 698 word
419 659 480 701 word
487 663 621 697 word
135 696 236 733 word
