237
64 17 117 42 word
123 13 178 45 word
183 15 221 45 word
228 11 285 45 word
296 14 323 40 word
328 19 360 39 word
360 14 453 47 word
456 13 573 47 word
65 46 125 68 word
132 49 169 66 word
175 46 266 77 word
272 47 305 72 word
304 47 368 80 word
372 47 429 74 word
434 51 479 78 word
477 43 567 72 word
570 45 659 75 word
68 69 120 101 word
130 78 183 97 word
189 76 256 101 word
265 78 357 104 word
363 74 443 102 word
446 79 510 102 word
514 75 591 110 word
67 101 109 124 word
117 102 198 125 word
207 99 242 125 word
245 104 281 130 word
288 107 326 129 word
332 103 359 129 word
362 110 399 131 word
406 113 466 137 word
472 114 503 134 word
505 113 591 145 word
65 125 125 157 word
134 127 194 155 word
202 133 261 156 word
275 137 321 159 word
327 135 381 159 word
390 141 443 163 word
448 140 516 166 word
519 142 610 171 word
63 160 144 183 word
154 163 217 185 word
222 164 276 185 word
293 168 360 192 word
370 168 463 192 word
472 164 527 193 word
536 173 586 194 word
589 172 651 197 word
62 187 101 218 word
103 187 174 211 word
188 194 249 220 word
259 189 335 217 word
344 190 454 216 word
63 248 119 273 word
128 251 162 275 word
167 251 243 272 word
247 249 307 273 word
315 252 340 272 word
343 251 435 275 word
440 257 475 275 word
478 259 503 276 word
504 253 576 285 word
66 274 106 298 word
112 276 168 297 word
175 270 239 298 word
245 273 281 298 word
286 271 337 298 word
343 284 392 302 word
398 278 437 304 word
440 284 522 310 word
533 284 628 313 word
66 302 102 327 word
108 306 197 328 word
204 297 237 326 word
238 298 306 327 word
319 302 409 332 word
416 305 446 328 word
449 310 495 331 word
500 309 580 337 word
65 333 106 354 word
110 332 169 360 word
172 327 231 356 word
239 330 274 356 word
277 332 327 354 word
331 335 454 362 word
470 334 499 358 word
502 335 605 363 word
64 361 148 396 word
152 363 196 386 word
205 357 304 389 word
320 363 364 389 word
368 361 434 389 word
443 362 487 386 word
493 367 556 391 word
562 364 658 396 word
66 393 212 420 word
217 391 266 418 word
278 388 346 417 word
352 389 378 414 word
386 393 475 419 word
480 390 520 414 word
523 393 610 416 word
61 423 91 450 word
91 424 152 448 word
157 421 210 444 word
216 418 249 444 word
255 418 312 442 word
316 416 409 442 word
419 418 554 450 word
68 452 176 480 word
190 453 230 474 word
232 448 286 473 word
295 445 328 471 word
331 442 395 473 word
399 443 428 469 word
438 451 472 475 word
479 449 608 480 word
71 478 179 509 word
188 475 281 504 word
286 475 323 501 word
335 472 391 500 word
396 469 461 495 word
470 474 494 496 word
495 474 535 498 word
542 471 655 503 word
64 511 97 534 word
106 508 178 537 word
184 509 221 530 word
226 504 272 533 word
280 509 324 531 word
328 506 426 530 word
433 499 541 531 word
68 535 136 564 word
147 540 196 567 word
205 533 323 562 word
324 535 381 561 word
383 528 440 555 word
443 528 472 553 word
477 525 510 550 word
512 526 543 551 word
547 526 588 549 word
590 520 655 549 word
64 563 95 588 word
99 565 148 593 word
153 567 224 593 word
224 563 249 588 word
254 562 296 586 word
306 559 374 588 word
380 559 464 585 word
477 553 537 577 word
542 554 623 580 word
62 595 93 620 word
103 594 156 619 word
161 593 249 620 word
257 590 290 612 word
295 584 352 615 word
357 586 398 611 word
403 584 438 607 word
439 584 521 612 word
522 580 557 605 word
560 578 635 609 word
61 623 162 649 word
173 619 217 653 word
228 619 263 642 word
271 615 391 644 word
399 609 436 637 word
446 610 546 640 word
548 606 647 639 word
64 668 117 703 word
120 674 160 703 word
162 671 194 697 word
196 670 241 698 word
251 671 293 697 word
295 662 366 694 word
369 669 418 696 word
419 665 453 689 word
449 662 526 688 word
547 663 579 689 word
580 662 642 695 word
60 702 101 730 word
104 702 176 730 word
182 703 219 727 word
220 700 336 723 word
345 694 383 715 word
386 693 450 716 word
455 692 491 716 word
493 694 576 721 word
62 729 86 758 word
90 731 158 759 word
169 732 197 755 word
207 727 243 749 word
242 723 307 752 word
308 722 345 747 word
343 720 383 745 word
388 718 437 746 word
443 716 475 744 word
484 718 546 745 word
58 758 105 788 word
110 759 154 785 word
152 760 214 783 word
221 754 259 782 word
258 756 296 778 word
308 750 338 775 word
339 746 375 772 word
380 746 507 775 word
68 784 100 813 word
103 787 156 817 word
158 787 204 817 word
210 782 315 809 word
321 779 357 804 word
363 775 416 802 word
422 773 454 798 word
455 770 490 796 word
492 763 591 797 word
67 812 162 839 word
170 812 203 839 word
211 810 292 837 word
304 805 362 832 word
371 804 411 827 word
413 798 481 824 word
480 791 578 825 word
66 837 178 863 word
188 836 243 862 word
250 832 318 859 word
329 832 360 854 word
369 831 456 854 word
464 827 523 853 word
528 820 590 848 word
67 862 99 888 word
104 862 216 888 word
220 864 258 884 word
255 857 388 887 word
390 855 486 881 word
488 852 561 880 word
561 848 620 873 word
