216
40 15 77 41 word
84 21 109 36 word
111 14 179 43 word
184 7 313 40 word
321 6 359 30 word
363 1 453 32 word
466 3 594 39 word
35 43 76 71 word
83 43 144 67 word
156 43 213 68 word
221 39 285 63 word
290 36 330 58 word
336 29 395 57 word
405 31 551 65 word
41 70 130 96 word
135 68 167 97 word
172 70 206 94 word
209 68 295 93 word
303 70 337 89 word
340 62 393 87 word
399 58 474 88 word
484 59 587 93 word
45 97 75 122 word
84 106 136 129 word
142 99 179 122 word
181 98 246 123 word
252 93 288 116 word
292 91 374 117 word
384 88 432 114 word
438 87 505 118 word
515 92 559 119 word
563 90 604 118 word
612 93 661 126 word
42 147 121 176 word
131 152 171 173 word
170 146 213 171 word
225 140 262 164 word
262 139 334 166 word
339 137 402 164 word
405 137 498 163 word
505 133 617 175 word
43 174 154 204 word
156 168 275 199 word
279 167 310 190 word
314 164 384 190 word
385 167 422 189 word
428 163 554 195 word
38 206 71 230 word
74 207 123 234 word
127 202 212 235 word
219 198 244 223 word
248 195 298 222 word
302 190 332 217 word
338 192 372 217 word
376 190 434 222 word
443 192 603 230 word
39 232 129 260 word
138 241 188 264 word
189 228 254 256 word
256 232 306 248 word
313 222 409 249 word
416 222 587 257 word
39 263 65 291 word
73 270 112 290 word
120 261 201 288 word
212 253 301 287 word
305 250 370 284 word
373 248 430 277 word
431 251 467 277 word
469 252 531 283 word
534 246 562 273 word
564 252 642 288 word
39 293 70 320 word
75 292 208 322 word
213 292 259 317 word
266 287 318 314 word
325 286 410 316 word
410 286 468 308 word
480 284 529 305 word
534 279 602 306 word
37 322 70 343 word
76 319 101 351 word
110 324 159 344 word
175 315 204 344 word
208 318 245 342 word
250 313 303 345 word
310 320 360 343 word
372 315 436 345 word
445 308 540 339 word
34 351 119 378 word
130 349 156 373 word
158 343 196 373 word
197 345 323 370 word
326 344 357 369 word
361 342 419 369 word
428 337 522 367 word
531 336 631 365 word
35 384 85 407 word
92 380 131 409 word
144 381 230 409 word
241 377 319 399 word
324 371 422 401 word
428 364 458 395 word
462 363 491 392 word
495 364 590 390 word
36 410 129 438 word
137 407 207 440 word
206 411 228 434 word
233 401 307 434 word
308 405 346 429 word
348 404 416 432 word
421 395 451 422 word
456 401 487 420 word
490 393 588 425 word
40 438 122 468 word
129 437 161 463 word
161 438 198 464 word
209 436 312 461 word
320 429 457 455 word
464 426 501 454 word
505 424 574 454 word
33 469 58 498 word
64 465 136 494 word
140 463 239 496 word
237 461 300 491 word
307 463 353 483 word
355 454 440 489 word
444 454 476 478 word
476 451 512 478 word
518 451 594 482 word
32 521 80 547 word
82 521 104 549 word
113 517 167 552 word
170 517 253 547 word
255 513 300 546 word
306 517 352 539 word
353 513 418 541 word
421 507 453 533 word
460 501 607 542 word
31 548 153 577 word
162 544 199 568 word
204 543 265 566 word
271 539 307 567 word
313 541 399 561 word
405 536 541 562 word
32 577 54 603 word
63 576 106 610 word
111 571 195 600 word
196 567 234 598 word
241 564 290 593 word
296 567 348 597 word
351 564 397 595 word
399 566 456 592 word
458 561 489 586 word
493 558 548 591 word
32 605 92 634 word
101 606 147 631 word
150 600 184 625 word
190 594 252 623 word
259 597 297 620 word
298 596 373 622 word
373 593 392 617 word
395 589 462 616 word
466 585 640 614 word
31 634 65 666 word
70 633 156 660 word
161 634 206 660 word
212 620 278 658 word
286 623 320 647 word
322 620 400 649 word
407 618 504 646 word
35 665 69 691 word
75 660 144 689 word
153 658 196 682 word
199 658 282 683 word
297 649 379 677 word
384 644 414 667 word
420 647 448 666 word
456 646 504 669 word
507 633 598 669 word
41 688 72 714 word
77 688 150 712 word
158 682 213 711 word
224 682 272 706 word
287 680 365 702 word
363 677 414 699 word
421 672 504 695 word
518 663 561 688 word
564 662 615 688 word
616 658 659 690 word
41 713 159 736 word
161 709 187 738 word
189 708 225 736 word
229 704 277 736 word
281 708 313 735 word
321 702 349 728 word
353 703 392 725 word
402 698 437 723 word
446 691 558 720 word
40 734 137 767 word
140 738 249 770 word
254 734 307 760 word
315 729 343 754 word
353 730 400 759 word
403 723 437 753 word
446 722 485 749 word
485 717 547 745 word
44 770 99 798 word
107 774 140 794 word
146 771 203 801 word
207 769 254 791 word
260 761 381 794 word
385 757 414 785 word
415 754 446 788 word
446 754 480 779 word
481 739 583 781 word
