117
19 31 111 57 word
128 35 175 57 word
186 30 238 58 word
246 27 309 52 word
316 19 349 46 word
358 32 383 56 word
388 19 461 51 word
468 18 500 40 word
517 15 621 47 word
20 60 90 89 word
103 67 134 90 word
148 58 276 97 word
286 62 348 93 word
357 57 386 86 word
398 58 488 88 word
505 52 611 80 word
31 96 65 123 word
77 101 160 133 word
169 97 228 126 word
234 102 334 126 word
340 98 410 124 word
418 93 454 118 word
458 89 540 121 word
551 87 655 119 word
29 141 78 167 word
83 137 173 169 word
186 130 309 163 word
318 127 417 160 word
433 127 535 157 word
548 127 595 155 word
31 179 94 207 word
103 175 130 197 word
151 168 272 197 word
281 162 311 186 word
327 160 405 188 word
416 157 481 181 word
496 163 544 183 word
552 162 604 187 word
37 207 120 238 word
128 207 181 232 word
190 194 256 230 word
273 194 342 228 word
356 189 394 217 word
402 193 473 226 word
483 191 571 226 word
581 195 631 220 word
34 244 134 273 word
141 236 166 266 word
174 234 252 264 word
259 236 299 259 word
313 227 376 258 word
380 225 458 258 word
474 235 520 256 word
527 222 615 258 word
33 272 146 307 word
154 264 197 294 word
206 261 262 295 word
277 257 340 290 word
343 256 413 292 word
424 262 497 287 word
502 255 542 283 word
546 258 627 300 word
23 310 55 337 word
62 308 95 335 word
98 306 155 334 word
161 303 190 330 word
193 296 311 334 word
129 342 159 379 word
173 345 223 376 word
236 341 335 373 word
348 344 392 370 word
401 336 482 370 word
137 380 203 409 word
208 381 254 406 word
259 375 340 409 word
343 372 374 399 word
377 369 489 405 word
129 414 164 443 word
185 414 241 447 word
258 407 330 437 word
339 406 374 433 word
386 408 524 446 word
128 450 204 478 word
213 445 253 474 word
267 442 349 481 word
361 440 430 467 word
21 498 50 528 word
63 497 189 525 word
201 486 286 521 word
295 486 358 518 word
370 482 476 512 word
493 477 566 506 word
579 471 629 504 word
20 528 111 557 word
129 526 214 555 word
236 518 342 549 word
352 517 443 543 word
450 511 509 540 word
520 505 586 541 word
24 567 58 596 word
59 562 179 592 word
190 562 235 584 word
241 558 308 591 word
325 552 415 580 word
421 547 463 575 word
471 544 550 580 word
552 545 584 576 word
593 548 627 569 word
21 603 113 630 word
131 598 215 625 word
235 588 294 618 word
305 582 373 616 word
386 582 488 614 word
500 577 570 605 word
26 631 115 662 word
129 624 166 650 word
180 620 311 652 word
