109
34 177 138 214 word
145 180 179 207 word
177 168 346 207 word
362 169 408 196 word
419 163 523 202 word
530 164 580 196 word
31 214 151 247 word
153 209 288 239 word
298 202 430 236 word
437 203 470 232 word
472 204 574 234 word
33 252 68 281 word
72 254 153 280 word
163 243 203 273 word
207 238 334 277 word
345 234 505 275 word
26 293 91 325 word
93 291 121 318 word
137 286 262 317 word
272 284 301 312 word
306 281 397 308 word
408 283 453 310 word
460 285 511 306 word
526 284 634 319 word
17 335 54 357 word
52 328 153 355 word
175 327 220 357 word
228 324 279 350 word
291 319 401 355 word
415 315 512 348 word
518 326 570 343 word
26 367 127 398 word
137 363 236 395 word
253 362 304 392 word
316 359 361 388 word
369 362 419 389 word
433 353 470 383 word
482 353 514 383 word
521 352 591 381 word
21 404 193 435 word
206 396 241 425 word
246 397 284 426 word
290 395 382 425 word
395 391 436 422 word
440 388 509 420 word
524 392 651 420 word
23 444 93 475 word
100 442 163 471 word
165 438 224 469 word
231 431 260 460 word
266 430 336 461 word
344 433 409 463 word
416 428 477 459 word
487 424 601 461 word
608 430 636 457 word
24 475 107 511 word
123 484 155 505 word
161 480 199 505 word
199 474 254 501 word
267 472 328 502 word
339 467 460 502 word
472 459 517 497 word
536 460 572 490 word
33 516 198 544 word
210 508 274 533 word
290 503 330 531 word
329 506 407 534 word
419 500 519 530 word
530 497 591 530 word
21 555 71 587 word
78 552 117 584 word
135 546 197 580 word
216 537 336 568 word
350 533 390 565 word
398 530 482 565 word
507 529 662 569 word
25 590 57 620 word
72 592 165 625 word
185 579 238 609 word
246 568 353 604 word
362 571 425 597 word
436 563 582 600 word
25 634 81 662 word
92 630 168 661 word
178 624 304 659 word
319 610 387 645 word
404 607 502 644 word
515 610 554 635 word
563 609 617 643 word
27 671 114 698 word
128 671 171 699 word
183 661 223 692 word
229 660 325 689 word
325 651 388 681 word
393 659 442 683 word
447 649 569 682 word
23 703 145 738 word
161 702 210 731 word
222 697 314 727 word
322 695 366 719 word
375 689 412 718 word
423 684 549 721 word
21 739 152 769 word
157 738 215 764 word
221 727 247 757 word
268 724 404 756 word
408 721 481 746 word
493 719 532 743 word
538 719 659 748 word
