84
47 180 81 214 word
98 185 211 215 word
223 180 304 211 word
324 172 519 209 word
530 173 571 203 word
41 222 192 254 word
208 217 347 252 word
351 215 469 251 word
475 215 628 247 word
42 264 81 289 word
95 263 255 300 word
266 258 293 285 word
307 254 388 286 word
401 251 488 279 word
508 247 546 277 word
39 306 175 337 word
191 301 351 338 word
369 290 470 322 word
489 289 533 316 word
43 344 173 372 word
194 337 360 379 word
373 337 418 368 word
432 335 576 366 word
587 334 617 362 word
36 380 182 415 word
198 380 228 409 word
244 379 349 418 word
362 375 491 408 word
507 376 566 407 word
573 378 628 405 word
33 419 153 452 word
166 417 214 446 word
228 419 264 448 word
264 419 359 448 word
369 418 438 443 word
459 417 552 446 word
561 420 597 442 word
37 462 73 491 word
83 448 249 500 word
266 451 418 493 word
431 446 475 477 word
484 448 573 480 word
37 505 192 532 word
212 503 248 529 word
250 498 293 530 word
304 493 401 523 word
422 494 535 521 word
550 494 597 520 word
30 543 220 579 word
229 537 254 567 word
266 543 296 566 word
310 529 444 571 word
445 534 514 569 word
525 535 562 559 word
38 583 189 614 word
202 576 351 610 word
367 568 439 602 word
448 580 497 603 word
514 573 580 601 word
596 575 636 603 word
41 624 124 656 word
132 622 198 653 word
219 617 388 653 word
394 607 595 650 word
37 654 183 696 word
193 663 220 684 word
228 652 353 686 word
358 651 496 688 word
500 652 623 686 word
34 697 65 723 word
76 695 121 721 word
128 695 301 721 word
315 697 372 724 word
383 686 427 717 word
447 686 501 723 word
512 685 545 710 word
553 686 608 718 word
609 685 643 715 word
35 730 170 761 word
185 727 285 763 word
290 730 340 761 word
351 729 495 763 word
502 724 582 757 word
594 728 634 757 word
