173
16 32 59 59 word
82 27 231 58 word
240 30 327 57 word
339 25 366 55 word
368 32 415 53 word
421 29 494 57 word
512 24 580 59 word
18 58 108 88 word
119 68 159 88 word
172 56 239 87 word
256 61 329 92 word
343 57 415 87 word
427 63 506 88 word
516 58 573 87 word
587 63 621 91 word
17 96 109 124 word
115 101 214 129 word
230 96 279 126 word
290 100 332 119 word
352 93 414 122 word
430 91 457 116 word
475 94 583 128 word
585 95 613 122 word
16 133 44 158 word
52 134 73 154 word
89 131 149 157 word
162 141 197 159 word
209 132 298 159 word
307 131 366 156 word
384 133 435 155 word
447 130 501 152 word
511 136 572 157 word
18 165 108 189 word
122 163 182 188 word
193 164 235 189 word
248 160 353 190 word
373 164 445 188 word
458 168 492 186 word
511 163 604 187 word
24 194 90 223 word
107 192 159 219 word
174 195 262 221 word
277 196 346 220 word
365 192 400 217 word
418 192 545 222 word
555 197 656 232 word
23 232 67 253 word
76 232 138 250 word
163 227 260 257 word
279 222 340 254 word
345 227 379 250 word
396 223 476 252 word
496 228 610 258 word
15 270 55 291 word
64 267 130 291 word
149 255 309 289 word
316 259 346 286 word
360 260 430 292 word
445 262 475 286 word
482 265 521 284 word
17 300 99 329 word
117 297 234 324 word
249 294 311 321 word
323 288 440 327 word
454 296 510 325 word
517 293 575 319 word
14 341 111 367 word
124 335 174 365 word
179 333 308 366 word
323 327 352 356 word
369 325 436 355 word
447 322 524 351 word
534 325 602 351 word
15 373 114 406 word
128 371 183 403 word
192 374 230 397 word
238 368 263 396 word
272 370 372 399 word
383 362 495 390 word
511 356 541 385 word
554 357 631 390 word
16 404 46 430 word
56 406 117 433 word
126 411 158 430 word
165 403 235 430 word
246 399 339 433 word
355 400 452 432 word
463 402 498 425 word
506 398 547 423 word
553 399 645 430 word
16 444 65 474 word
71 437 165 473 word
173 436 230 469 word
231 436 301 468 word
312 437 383 465 word
404 426 477 454 word
481 430 602 463 word
615 438 655 465 word
11 478 70 509 word
78 479 144 512 word
150 477 221 502 word
227 469 310 495 word
321 462 360 492 word
369 465 422 491 word
434 470 490 489 word
499 468 563 502 word
565 469 592 497 word
602 470 656 503 word
9 520 52 543 word
61 516 132 540 word
139 508 209 535 word
220 506 275 536 word
286 504 468 528 word
475 507 516 526 word
526 499 626 533 word
11 555 45 578 word
53 549 201 580 word
209 550 254 576 word
256 540 385 567 word
401 539 454 564 word
462 533 546 563 word
561 532 608 562 word
7 591 101 618 word
120 581 180 609 word
196 580 229 606 word
250 574 314 603 word
330 576 364 599 word
378 572 572 599 word
583 573 610 596 word
13 624 107 652 word
122 621 274 651 word
283 620 334 640 word
341 610 418 641 word
429 607 530 635 word
546 599 662 632 word
18 660 69 690 word
74 656 164 685 word
178 653 236 681 word
250 652 283 679 word
288 645 370 682 word
381 642 410 670 word
429 638 466 665 word
475 634 565 666 word
579 631 648 663 word
31 692 84 719 word
100 684 163 722 word
173 685 236 716 word
248 684 277 710 word
288 684 347 712 word
355 678 402 704 word
409 679 468 704 word
484 668 599 704 word
29 727 101 756 word
108 723 179 755 word
195 720 314 757 word
321 721 390 748 word
402 706 448 736 word
450 714 500 746 word
510 707 549 741 word
561 703 649 740 word
34 765 71 794 word
84 764 139 798 word
152 759 253 792 word
257 755 288 782 word
297 754 372 782 word
382 754 413 778 word
417 748 448 775 word
460 749 550 779 word
562 744 598 768 word
29 805 134 836 word
158 800 184 826 word
195 795 235 821 word
242 789 318 828 word
