193
24 13 55 34 word
64 13 141 36 word
157 9 273 36 word
282 16 339 36 word
348 19 391 37 word
403 17 466 39 word
477 15 569 46 word
29 43 172 73 word
183 39 231 63 word
247 40 275 64 word
286 44 341 71 word
351 46 494 70 word
507 50 631 77 word
29 84 79 105 word
94 78 220 105 word
234 72 261 94 word
272 77 304 96 word
315 74 425 103 word
439 77 527 106 word
534 78 652 112 word
30 112 92 136 word
102 112 133 134 word
145 116 200 137 word
208 113 272 131 word
285 109 312 129 word
323 110 395 135 word
411 107 438 130 word
447 107 571 139 word
578 110 613 140 word
23 148 103 171 word
107 140 198 169 word
212 139 305 167 word
307 141 401 165 word
418 138 448 164 word
457 144 512 169 word
518 147 608 169 word
25 183 73 206 word
83 179 210 204 word
221 182 251 198 word
263 181 309 198 word
324 170 395 195 word
406 175 528 206 word
537 178 649 215 word
22 218 60 239 word
70 215 132 237 word
152 211 185 239 word
190 209 282 239 word
289 212 317 231 word
323 208 456 231 word
463 208 491 231 word
499 213 612 241 word
20 253 100 273 word
116 252 195 278 word
200 247 255 273 word
268 243 302 264 word
310 238 390 262 word
403 242 515 269 word
521 242 554 267 word
563 246 612 271 word
21 291 50 310 word
64 287 119 311 word
132 283 161 305 word
169 280 257 308 word
267 279 317 300 word
328 273 360 296 word
366 277 418 297 word
422 274 514 298 word
529 274 652 303 word
21 318 107 346 word
117 318 157 340 word
171 314 259 338 word
275 309 395 336 word
410 311 553 341 word
556 307 582 340 word
591 319 622 345 word
21 357 63 375 word
72 359 123 372 word
133 350 196 371 word
212 350 393 369 word
410 343 442 364 word
452 341 591 371 word
16 382 102 413 word
105 385 142 406 word
149 381 208 409 word
213 386 302 406 word
312 379 411 410 word
428 382 477 408 word
480 376 521 401 word
520 377 622 403 word
22 422 116 452 word
133 412 197 441 word
205 412 240 437 word
252 415 416 433 word
426 412 566 437 word
575 411 622 438 word
26 457 62 484 word
75 453 193 489 word
197 447 307 478 word
312 447 368 467 word
375 443 412 471 word
422 442 548 469 word
565 442 599 467 word
22 492 104 518 word
123 489 149 511 word
156 492 221 513 word
226 485 264 510 word
275 482 342 507 word
344 477 377 504 word
385 481 418 504 word
426 472 517 502 word
520 471 554 502 word
561 474 600 500 word
19 524 154 554 word
165 516 287 542 word
292 508 400 539 word
408 517 452 537 word
455 507 577 536 word
586 505 632 530 word
123 554 246 583 word
257 547 328 570 word
337 543 435 568 word
438 539 511 565 word
526 543 624 574 word
22 593 139 617 word
156 590 204 617 word
214 583 325 610 word
336 573 371 600 word
377 571 510 606 word
525 577 576 605 word
17 629 108 650 word
125 624 258 655 word
268 612 384 645 word
392 613 499 641 word
514 618 555 641 word
555 607 613 637 word
17 671 53 688 word
76 663 132 687 word
152 662 191 686 word
202 660 258 684 word
268 654 377 678 word
390 646 428 675 word
439 646 512 672 word
527 649 641 671 word
17 694 76 717 word
85 699 108 716 word
117 701 147 715 word
159 693 206 720 word
217 694 280 722 word
289 687 418 716 word
431 683 469 710 word
474 680 551 705 word
563 684 612 716 word
19 728 128 753 word
139 720 178 748 word
189 722 252 747 word
262 722 293 747 word
308 715 434 750 word
439 710 478 741 word
487 721 580 740 word
20 758 145 793 word
153 756 188 784 word
197 754 267 789 word
277 753 307 780 word
324 749 386 779 word
398 750 533 779 word
539 745 575 774 word
18 796 126 827 word
134 793 170 816 word
177 789 287 822 word
304 786 412 816 word
418 781 457 806 word
460 781 572 808 word
10 830 176 867 word
179 826 331 856 word
343 818 424 848 word
426 809 467 836 word
468 809 518 841 word
527 807 654 847 word
10 874 46 899 word
53 873 127 903 word
134 859 307 895 word
320 859 366 889 word
370 856 445 880 word
448 845 485 875 word
494 845 531 875 word
538 843 619 877 word
12 906 49 931 word
61 904 177 933 word
185 901 223 929 word
232 898 326 924 word
327 891 471 929 word
481 892 527 919 word
530 889 645 927 word
