228
36 9 132 43 word
138 9 188 33 word
190 0 342 37 word
345 7 389 31 word
389 4 532 40 word
535 9 569 38 word
9 36 171 72 word
180 35 297 64 word
308 37 336 63 word
350 37 404 67 word
419 40 515 65 word
531 46 563 66 word
568 46 659 71 word
8 78 97 105 word
46 104 96 129 word
104 107 159 128 word
163 98 251 130 word
265 103 313 131 word
316 101 368 127 word
373 98 425 126 word
433 98 520 131 word
530 100 568 123 word
571 104 658 131 word
7 139 40 162 word
42 135 75 161 word
73 134 176 160 word
181 128 275 156 word
278 128 369 161 word
374 130 489 158 word
490 132 564 156 word
576 126 645 154 word
9 173 50 197 word
59 162 138 191 word
142 162 267 192 word
276 161 310 186 word
315 158 432 188 word
431 155 510 185 word
517 158 544 186 word
554 157 646 189 word
10 203 41 225 word
47 198 105 222 word
114 192 184 225 word
192 189 228 215 word
239 191 272 215 word
281 186 393 219 word
399 192 414 213 word
424 187 470 218 word
475 186 608 221 word
11 226 89 258 word
98 229 144 254 word
151 227 209 251 word
227 221 331 249 word
342 219 475 249 word
39 257 78 282 word
87 252 141 280 word
156 255 241 283 word
250 257 298 278 word
304 247 378 275 word
380 250 466 279 word
471 247 527 271 word
535 240 641 277 word
7 287 54 312 word
63 288 108 309 word
119 281 306 308 word
311 275 343 304 word
350 280 424 310 word
427 279 460 302 word
464 272 516 299 word
525 275 647 306 word
9 310 68 340 word
73 307 176 337 word
179 310 234 339 word
239 309 325 343 word
337 311 394 333 word
398 313 459 332 word
457 307 572 337 word
583 306 628 332 word
10 340 76 369 word
83 338 147 364 word
150 340 200 362 word
214 340 287 368 word
301 340 338 362 word
346 331 503 367 word
514 337 573 365 word
586 333 618 360 word
7 375 78 403 word
87 367 119 391 word
127 365 250 397 word
256 366 286 391 word
291 367 334 393 word
336 368 415 396 word
428 365 465 390 word
472 363 581 397 word
585 361 648 390 word
10 409 44 431 word
59 399 125 426 word
142 393 282 422 word
293 394 319 421 word
335 396 394 422 word
396 392 481 423 word
491 393 551 419 word
554 398 601 419 word
12 434 65 464 word
67 431 103 453 word
105 424 152 450 word
166 423 245 457 word
259 427 291 451 word
300 424 400 450 word
407 423 435 448 word
449 417 635 448 word
6 467 60 499 word
64 466 99 485 word
111 455 201 480 word
214 456 272 478 word
287 452 351 478 word
363 448 434 474 word
446 446 608 479 word
5 498 76 523 word
103 487 228 517 word
234 479 272 504 word
277 482 313 507 word
325 477 428 505 word
430 480 464 505 word
469 477 550 510 word
564 476 657 507 word
8 525 45 550 word
45 520 128 545 word
42 548 98 574 word
103 549 198 572 word
206 540 300 570 word
304 533 435 566 word
438 536 464 559 word
466 529 570 556 word
580 529 650 554 word
4 577 55 600 word
60 579 153 607 word
169 575 206 600 word
211 578 280 596 word
290 568 379 593 word
392 561 540 585 word
542 555 567 581 word
572 557 613 582 word
7 605 82 633 word
93 602 145 628 word
149 601 226 628 word
234 595 416 624 word
424 586 467 614 word
475 584 603 614 word
610 580 643 607 word
9 640 87 662 word
103 633 153 667 word
159 628 260 663 word
270 625 401 653 word
410 621 454 648 word
459 614 571 644 word
577 611 647 639 word
10 665 98 692 word
106 663 146 693 word
153 662 251 689 word
263 654 299 684 word
305 654 338 678 word
344 652 401 680 word
403 646 450 676 word
450 646 514 673 word
517 642 608 665 word
611 637 639 667 word
8 693 83 720 word
89 691 151 715 word
158 686 196 715 word
198 689 268 721 word
284 681 323 709 word
328 684 400 712 word
400 681 481 701 word
487 673 541 701 word
547 667 586 690 word
593 663 625 691 word
13 719 88 748 word
98 715 163 743 word
170 721 221 740 word
233 710 341 745 word
349 707 387 736 word
397 702 465 736 word
481 701 564 727 word
569 696 605 720 word
4 751 110 780 word
122 747 179 777 word
193 750 237 771 word
248 742 349 771 word
352 729 476 766 word
483 726 545 759 word
546 725 637 749 word
11 781 140 814 word
145 782 188 807 word
203 776 270 802 word
279 772 359 802 word
366 765 510 794 word
518 762 579 788 word
591 759 638 787 word
7 811 134 845 word
140 816 190 840 word
193 808 243 835 word
262 797 403 837 word
405 792 437 820 word
447 789 522 818 word
529 796 564 820 word
570 789 601 817 word
12 847 126 873 word
125 841 191 872 word
204 837 301 869 word
315 832 347 857 word
361 823 479 857 word
491 818 647 851 word
9 873 44 902 word
50 871 155 902 word
172 877 219 898 word
225 868 324 892 word
336 862 418 901 word
425 855 462 884 word
465 850 492 882 word
500 845 563 878 word
568 840 640 873 word
18 901 71 933 word
78 905 115 936 word
121 902 222 932 word
226 905 272 927 word
286 892 372 932 word
381 882 532 916 word
541 887 597 912 word
